time: 1478016020.795031521
                    CPU0       CPU1       CPU2       CPU3       CPU4       CPU5       CPU6       CPU7       
          HI:          1          0          0          0          0          0          1          0
       TIMER:     429648     392997     395400     452949     320631     279147     277984     327180
      NET_TX:          0          0       3160          0          0          0          0          0
      NET_RX:      88682       6038       4929       4033      25083       5810       6747       4868
       BLOCK:      30893       3786       2521       1532       7252       4877       3735       2555
BLOCK_IOPOLL:          0          0          0          0          0          0          0          0
     TASKLET:       7880         41         35         38       1968         63         43         26
       SCHED:     152139     105640     124508     133694      71213      92478      67654      60689
     HRTIMER:          0          0          0          0          0          0          0          0
         RCU:     209512     183668     207333     222209     151270     158731     143568     126040
time: 1478016046.770708143
                    CPU0       CPU1       CPU2       CPU3       CPU4       CPU5       CPU6       CPU7       
          HI:          1          0          0          0          0          0          1          0
       TIMER:     454678     418057     420497     478025     345625     304167     302969     352228
      NET_TX:          0          0       3164          0          0          0          0          0
      NET_RX:      88690       6041       4936       4039      25086       5818       6753       4872
       BLOCK:      31074       3786       2521       1532       7253       4877       3735       2555
BLOCK_IOPOLL:          0          0          0          0          0          0          0          0
     TASKLET:       7880         41         35         38       1968         63         43         26
       SCHED:     152444     105922     124803     134002      71514      92774      67938      60953
     HRTIMER:          0          0          0          0          0          0          0          0
         RCU:     213109     187158     210864     225605     154929     162305     146996     129373
