time: 1481011798.983600179
cpu0.POLL.time: 867402
cpu0.POLL.usage: 723
cpu0.C1-SKL.time: 7241814
cpu0.C1-SKL.usage: 66925
cpu0.C1E-SKL.time: 48531554
cpu0.C1E-SKL.usage: 197438
cpu0.C3-SKL.time: 18676456
cpu0.C3-SKL.usage: 66565
cpu0.C6-SKL.time: 344004805
cpu0.C6-SKL.usage: 473275
cpu0.C7s-SKL.time: 7558867
cpu0.C7s-SKL.usage: 3287
cpu0.C8-SKL.time: 940439691
cpu0.C8-SKL.usage: 337964
cpu0.C9-SKL.time: 3831941
cpu0.C9-SKL.usage: 948
cpu0.C10-SKL.time: 393442176
cpu0.C10-SKL.usage: 82466
cpu1.POLL.time: 676645
cpu1.POLL.usage: 647
cpu1.C1-SKL.time: 5347561
cpu1.C1-SKL.usage: 53504
cpu1.C1E-SKL.time: 42467162
cpu1.C1E-SKL.usage: 149036
cpu1.C3-SKL.time: 17848255
cpu1.C3-SKL.usage: 63704
cpu1.C6-SKL.time: 340834231
cpu1.C6-SKL.usage: 466462
cpu1.C7s-SKL.time: 7183856
cpu1.C7s-SKL.usage: 3124
cpu1.C8-SKL.time: 956083990
cpu1.C8-SKL.usage: 341261
cpu1.C9-SKL.time: 5821288
cpu1.C9-SKL.usage: 1160
cpu1.C10-SKL.time: 416698732
cpu1.C10-SKL.usage: 85657
cpu2.POLL.time: 877734
cpu2.POLL.usage: 559
cpu2.C1-SKL.time: 9181826
cpu2.C1-SKL.usage: 80554
cpu2.C1E-SKL.time: 49769454
cpu2.C1E-SKL.usage: 206582
cpu2.C3-SKL.time: 18325974
cpu2.C3-SKL.usage: 53816
cpu2.C6-SKL.time: 237642544
cpu2.C6-SKL.usage: 335026
cpu2.C7s-SKL.time: 9329982
cpu2.C7s-SKL.usage: 4315
cpu2.C8-SKL.time: 1012157730
cpu2.C8-SKL.usage: 347840
cpu2.C9-SKL.time: 3862937
cpu2.C9-SKL.usage: 1073
cpu2.C10-SKL.time: 431883238
cpu2.C10-SKL.usage: 90126
cpu3.POLL.time: 436881
cpu3.POLL.usage: 407
cpu3.C1-SKL.time: 6658732
cpu3.C1-SKL.usage: 60937
cpu3.C1E-SKL.time: 38499363
cpu3.C1E-SKL.usage: 163054
cpu3.C3-SKL.time: 11966991
cpu3.C3-SKL.usage: 37407
cpu3.C6-SKL.time: 192450863
cpu3.C6-SKL.usage: 255568
cpu3.C7s-SKL.time: 5282986
cpu3.C7s-SKL.usage: 2100
cpu3.C8-SKL.time: 922494525
cpu3.C8-SKL.usage: 283558
cpu3.C9-SKL.time: 4402191
cpu3.C9-SKL.usage: 840
cpu3.C10-SKL.time: 628598206
cpu3.C10-SKL.usage: 112651
time: 1481011802.440634358
cpu0.POLL.time: 867402
cpu0.POLL.usage: 723
cpu0.C1-SKL.time: 7248684
cpu0.C1-SKL.usage: 66998
cpu0.C1E-SKL.time: 48676211
cpu0.C1E-SKL.usage: 197731
cpu0.C3-SKL.time: 18732474
cpu0.C3-SKL.usage: 66655
cpu0.C6-SKL.time: 344243102
cpu0.C6-SKL.usage: 473576
cpu0.C7s-SKL.time: 7769640
cpu0.C7s-SKL.usage: 3358
cpu0.C8-SKL.time: 941676489
cpu0.C8-SKL.usage: 338382
cpu0.C9-SKL.time: 3898836
cpu0.C9-SKL.usage: 966
cpu0.C10-SKL.time: 394548126
cpu0.C10-SKL.usage: 82638
cpu1.POLL.time: 676645
cpu1.POLL.usage: 647
cpu1.C1-SKL.time: 5360158
cpu1.C1-SKL.usage: 53585
cpu1.C1E-SKL.time: 42610273
cpu1.C1E-SKL.usage: 149301
cpu1.C3-SKL.time: 17914664
cpu1.C3-SKL.usage: 63796
cpu1.C6-SKL.time: 341095195
cpu1.C6-SKL.usage: 466820
cpu1.C7s-SKL.time: 7295221
cpu1.C7s-SKL.usage: 3167
cpu1.C8-SKL.time: 957069769
cpu1.C8-SKL.usage: 341541
cpu1.C9-SKL.time: 5931297
cpu1.C9-SKL.usage: 1185
cpu1.C10-SKL.time: 418068495
cpu1.C10-SKL.usage: 85852
cpu2.POLL.time: 884456
cpu2.POLL.usage: 561
cpu2.C1-SKL.time: 9184752
cpu2.C1-SKL.usage: 80594
cpu2.C1E-SKL.time: 49834875
cpu2.C1E-SKL.usage: 206758
cpu2.C3-SKL.time: 18351525
cpu2.C3-SKL.usage: 53894
cpu2.C6-SKL.time: 238022690
cpu2.C6-SKL.usage: 335551
cpu2.C7s-SKL.time: 9349865
cpu2.C7s-SKL.usage: 4324
cpu2.C8-SKL.time: 1013919094
cpu2.C8-SKL.usage: 348378
cpu2.C9-SKL.time: 3866994
cpu2.C9-SKL.usage: 1074
cpu2.C10-SKL.time: 432853149
cpu2.C10-SKL.usage: 90289
cpu3.POLL.time: 442398
cpu3.POLL.usage: 408
cpu3.C1-SKL.time: 6668274
cpu3.C1-SKL.usage: 60967
cpu3.C1E-SKL.time: 38554316
cpu3.C1E-SKL.usage: 163178
cpu3.C3-SKL.time: 11979402
cpu3.C3-SKL.usage: 37457
cpu3.C6-SKL.time: 192839962
cpu3.C6-SKL.usage: 256020
cpu3.C7s-SKL.time: 5403174
cpu3.C7s-SKL.usage: 2145
cpu3.C8-SKL.time: 923349678
cpu3.C8-SKL.usage: 283832
cpu3.C9-SKL.time: 4477808
cpu3.C9-SKL.usage: 859
cpu3.C10-SKL.time: 630101464
cpu3.C10-SKL.usage: 112840
