time: 1478257884.000651924
                    CPU0       CPU1       CPU2       CPU3       CPU4       CPU5       CPU6       CPU7       
          HI:          0          0          0          0          0          1          1          0
       TIMER:      19265      15313      13859      11675      10504       8154       8820       7148
      NET_TX:          0         26          0          0          0          0          0          0
      NET_RX:       5004        919        433        201       2801        435        459        317
       BLOCK:      10174       1235        902        407       3145       1687        734        497
BLOCK_IOPOLL:          0          0          0          0          0          0          0          0
     TASKLET:         44          5          4          1          5         22        109          1
       SCHED:       7283       5315       5241       4563       3700       3178       2981       2729
     HRTIMER:          0          0          0          0          0          0          0          0
         RCU:      13199      10726       9738       9757       7811       6125       6020       5452
time: 1478257909.880523806
                    CPU0       CPU1       CPU2       CPU3       CPU4       CPU5       CPU6       CPU7       
          HI:          0          0          0          0          0          1          1          0
       TIMER:      44373      40404      38931      36780      35595      33257      33859      32257
      NET_TX:          0         30          0          0          0          0          0          0
      NET_RX:       5023        921        433        204       2807        439        463        323
       BLOCK:      10341       1235        903        410       3145       1687        734        499
BLOCK_IOPOLL:          0          0          0          0          0          0          0          0
     TASKLET:         44          5          4          1          5         22        109          1
       SCHED:       7595       5600       5517       4778       3995       3484       3255       3014
     HRTIMER:          0          0          0          0          0          0          0          0
         RCU:      16230      13840      12740      12795      10780       9138       9145       8449
