time: 1480665592.673768991
cpu0.POLL.time: 740006
cpu0.POLL.usage: 576
cpu0.C1-SKL.time: 2865163
cpu0.C1-SKL.usage: 24858
cpu0.C1E-SKL.time: 23215866
cpu0.C1E-SKL.usage: 71698
cpu0.C3-SKL.time: 13948902
cpu0.C3-SKL.usage: 55720
cpu0.C6-SKL.time: 417157795
cpu0.C6-SKL.usage: 561213
cpu0.C7s-SKL.time: 8402619
cpu0.C7s-SKL.usage: 3471
cpu0.C8-SKL.time: 1215291616
cpu0.C8-SKL.usage: 396736
cpu0.C9-SKL.time: 4999884
cpu0.C9-SKL.usage: 1336
cpu0.C10-SKL.time: 640111740
cpu0.C10-SKL.usage: 126901
cpu1.POLL.time: 878483
cpu1.POLL.usage: 552
cpu1.C1-SKL.time: 2653699
cpu1.C1-SKL.usage: 22829
cpu1.C1E-SKL.time: 21115191
cpu1.C1E-SKL.usage: 63638
cpu1.C3-SKL.time: 14144051
cpu1.C3-SKL.usage: 54521
cpu1.C6-SKL.time: 407769988
cpu1.C6-SKL.usage: 546204
cpu1.C7s-SKL.time: 8685875
cpu1.C7s-SKL.usage: 3410
cpu1.C8-SKL.time: 1181796846
cpu1.C8-SKL.usage: 379798
cpu1.C9-SKL.time: 6786668
cpu1.C9-SKL.usage: 1612
cpu1.C10-SKL.time: 686170874
cpu1.C10-SKL.usage: 130871
cpu2.POLL.time: 1229870
cpu2.POLL.usage: 412
cpu2.C1-SKL.time: 3037986
cpu2.C1-SKL.usage: 23699
cpu2.C1E-SKL.time: 24801854
cpu2.C1E-SKL.usage: 65684
cpu2.C3-SKL.time: 14590842
cpu2.C3-SKL.usage: 42491
cpu2.C6-SKL.time: 235514959
cpu2.C6-SKL.usage: 334180
cpu2.C7s-SKL.time: 14322661
cpu2.C7s-SKL.usage: 5904
cpu2.C8-SKL.time: 1302075170
cpu2.C8-SKL.usage: 367497
cpu2.C9-SKL.time: 7873959
cpu2.C9-SKL.usage: 2204
cpu2.C10-SKL.time: 725807876
cpu2.C10-SKL.usage: 145660
cpu3.POLL.time: 608906
cpu3.POLL.usage: 354
cpu3.C1-SKL.time: 2313669
cpu3.C1-SKL.usage: 21955
cpu3.C1E-SKL.time: 14931889
cpu3.C1E-SKL.usage: 42445
cpu3.C3-SKL.time: 8010665
cpu3.C3-SKL.usage: 28671
cpu3.C6-SKL.time: 198718956
cpu3.C6-SKL.usage: 265784
cpu3.C7s-SKL.time: 5256405
cpu3.C7s-SKL.usage: 1724
cpu3.C8-SKL.time: 1096369357
cpu3.C8-SKL.usage: 291435
cpu3.C9-SKL.time: 4325843
cpu3.C9-SKL.usage: 944
cpu3.C10-SKL.time: 1041996060
cpu3.C10-SKL.usage: 173454
time: 1480665603.199921642
cpu0.POLL.time: 741058
cpu0.POLL.usage: 579
cpu0.C1-SKL.time: 2880831
cpu0.C1-SKL.usage: 25159
cpu0.C1E-SKL.time: 23291129
cpu0.C1E-SKL.usage: 71962
cpu0.C3-SKL.time: 14009627
cpu0.C3-SKL.usage: 55944
cpu0.C6-SKL.time: 419112668
cpu0.C6-SKL.usage: 563834
cpu0.C7s-SKL.time: 8432600
cpu0.C7s-SKL.usage: 3481
cpu0.C8-SKL.time: 1219558099
cpu0.C8-SKL.usage: 398126
cpu0.C9-SKL.time: 5020085
cpu0.C9-SKL.usage: 1340
cpu0.C10-SKL.time: 643384187
cpu0.C10-SKL.usage: 127484
cpu1.POLL.time: 881353
cpu1.POLL.usage: 555
cpu1.C1-SKL.time: 2659961
cpu1.C1-SKL.usage: 22921
cpu1.C1E-SKL.time: 21203774
cpu1.C1E-SKL.usage: 63944
cpu1.C3-SKL.time: 14205615
cpu1.C3-SKL.usage: 54754
cpu1.C6-SKL.time: 409408206
cpu1.C6-SKL.usage: 548490
cpu1.C7s-SKL.time: 8751324
cpu1.C7s-SKL.usage: 3423
cpu1.C8-SKL.time: 1185856630
cpu1.C8-SKL.usage: 381039
cpu1.C9-SKL.time: 6844215
cpu1.C9-SKL.usage: 1627
cpu1.C10-SKL.time: 689817844
cpu1.C10-SKL.usage: 131459
cpu2.POLL.time: 1247980
cpu2.POLL.usage: 416
cpu2.C1-SKL.time: 3048486
cpu2.C1-SKL.usage: 23777
cpu2.C1E-SKL.time: 24901159
cpu2.C1E-SKL.usage: 65975
cpu2.C3-SKL.time: 14680792
cpu2.C3-SKL.usage: 42725
cpu2.C6-SKL.time: 236568088
cpu2.C6-SKL.usage: 335737
cpu2.C7s-SKL.time: 14403312
cpu2.C7s-SKL.usage: 5938
cpu2.C8-SKL.time: 1307054350
cpu2.C8-SKL.usage: 368817
cpu2.C9-SKL.time: 7904806
cpu2.C9-SKL.usage: 2211
cpu2.C10-SKL.time: 729158547
cpu2.C10-SKL.usage: 146298
cpu3.POLL.time: 608906
cpu3.POLL.usage: 354
cpu3.C1-SKL.time: 2319914
cpu3.C1-SKL.usage: 21996
cpu3.C1E-SKL.time: 14973063
cpu3.C1E-SKL.usage: 42572
cpu3.C3-SKL.time: 8029318
cpu3.C3-SKL.usage: 28788
cpu3.C6-SKL.time: 199561515
cpu3.C6-SKL.usage: 266981
cpu3.C7s-SKL.time: 5294537
cpu3.C7s-SKL.usage: 1739
cpu3.C8-SKL.time: 1100246523
cpu3.C8-SKL.usage: 292445
cpu3.C9-SKL.time: 4337219
cpu3.C9-SKL.usage: 948
cpu3.C10-SKL.time: 1047022998
cpu3.C10-SKL.usage: 174254
