time: 1480931319.226569339
cpu0.POLL.time: 234438
cpu0.POLL.usage: 318
cpu0.C1-SKL.time: 3370436
cpu0.C1-SKL.usage: 28647
cpu0.C1E-SKL.time: 25684930
cpu0.C1E-SKL.usage: 63006
cpu0.C3-SKL.time: 7192892
cpu0.C3-SKL.usage: 17371
cpu0.C6-SKL.time: 77660245
cpu0.C6-SKL.usage: 103786
cpu0.C7s-SKL.time: 7124392
cpu0.C7s-SKL.usage: 2752
cpu0.C8-SKL.time: 191603655
cpu0.C8-SKL.usage: 82086
cpu0.C9-SKL.time: 3733323
cpu0.C9-SKL.usage: 826
cpu0.C10-SKL.time: 57300179
cpu0.C10-SKL.usage: 12181
cpu1.POLL.time: 220794
cpu1.POLL.usage: 308
cpu1.C1-SKL.time: 3127743
cpu1.C1-SKL.usage: 31127
cpu1.C1E-SKL.time: 23668170
cpu1.C1E-SKL.usage: 55321
cpu1.C3-SKL.time: 8073575
cpu1.C3-SKL.usage: 18837
cpu1.C6-SKL.time: 71221146
cpu1.C6-SKL.usage: 96299
cpu1.C7s-SKL.time: 7291992
cpu1.C7s-SKL.usage: 2953
cpu1.C8-SKL.time: 186101093
cpu1.C8-SKL.usage: 77773
cpu1.C9-SKL.time: 4107060
cpu1.C9-SKL.usage: 977
cpu1.C10-SKL.time: 71317595
cpu1.C10-SKL.usage: 13936
cpu2.POLL.time: 923744
cpu2.POLL.usage: 264
cpu2.C1-SKL.time: 4022061
cpu2.C1-SKL.usage: 29013
cpu2.C1E-SKL.time: 24938263
cpu2.C1E-SKL.usage: 64965
cpu2.C3-SKL.time: 8350762
cpu2.C3-SKL.usage: 18304
cpu2.C6-SKL.time: 72858261
cpu2.C6-SKL.usage: 96043
cpu2.C7s-SKL.time: 8254590
cpu2.C7s-SKL.usage: 3613
cpu2.C8-SKL.time: 199904911
cpu2.C8-SKL.usage: 95151
cpu2.C9-SKL.time: 3962868
cpu2.C9-SKL.usage: 995
cpu2.C10-SKL.time: 47806756
cpu2.C10-SKL.usage: 10790
cpu3.POLL.time: 215040
cpu3.POLL.usage: 220
cpu3.C1-SKL.time: 2761086
cpu3.C1-SKL.usage: 26635
cpu3.C1E-SKL.time: 19672616
cpu3.C1E-SKL.usage: 47421
cpu3.C3-SKL.time: 6047264
cpu3.C3-SKL.usage: 13161
cpu3.C6-SKL.time: 49546748
cpu3.C6-SKL.usage: 62502
cpu3.C7s-SKL.time: 6063047
cpu3.C7s-SKL.usage: 2437
cpu3.C8-SKL.time: 181598089
cpu3.C8-SKL.usage: 70509
cpu3.C9-SKL.time: 4215626
cpu3.C9-SKL.usage: 870
cpu3.C10-SKL.time: 92320040
cpu3.C10-SKL.usage: 16675
time: 1480931330.753776071
cpu0.POLL.time: 245555
cpu0.POLL.usage: 329
cpu0.C1-SKL.time: 3444027
cpu0.C1-SKL.usage: 31929
cpu0.C1E-SKL.time: 25851378
cpu0.C1E-SKL.usage: 63646
cpu0.C3-SKL.time: 7282518
cpu0.C3-SKL.usage: 17678
cpu0.C6-SKL.time: 79128001
cpu0.C6-SKL.usage: 105850
cpu0.C7s-SKL.time: 7177225
cpu0.C7s-SKL.usage: 2788
cpu0.C8-SKL.time: 195089737
cpu0.C8-SKL.usage: 83269
cpu0.C9-SKL.time: 3738092
cpu0.C9-SKL.usage: 827
cpu0.C10-SKL.time: 61151984
cpu0.C10-SKL.usage: 12788
cpu1.POLL.time: 231256
cpu1.POLL.usage: 317
cpu1.C1-SKL.time: 3180704
cpu1.C1-SKL.usage: 34201
cpu1.C1E-SKL.time: 23980094
cpu1.C1E-SKL.usage: 56257
cpu1.C3-SKL.time: 8239978
cpu1.C3-SKL.usage: 19233
cpu1.C6-SKL.time: 72932395
cpu1.C6-SKL.usage: 98591
cpu1.C7s-SKL.time: 7459061
cpu1.C7s-SKL.usage: 3031
cpu1.C8-SKL.time: 189126218
cpu1.C8-SKL.usage: 78802
cpu1.C9-SKL.time: 4359868
cpu1.C9-SKL.usage: 1015
cpu1.C10-SKL.time: 74699462
cpu1.C10-SKL.usage: 14414
cpu2.POLL.time: 928666
cpu2.POLL.usage: 269
cpu2.C1-SKL.time: 4066517
cpu2.C1-SKL.usage: 31965
cpu2.C1E-SKL.time: 25106826
cpu2.C1E-SKL.usage: 65568
cpu2.C3-SKL.time: 8452741
cpu2.C3-SKL.usage: 18609
cpu2.C6-SKL.time: 74243386
cpu2.C6-SKL.usage: 97924
cpu2.C7s-SKL.time: 8340467
cpu2.C7s-SKL.usage: 3644
cpu2.C8-SKL.time: 203489073
cpu2.C8-SKL.usage: 96264
cpu2.C9-SKL.time: 4027316
cpu2.C9-SKL.usage: 1018
cpu2.C10-SKL.time: 51435546
cpu2.C10-SKL.usage: 11328
cpu3.POLL.time: 216598
cpu3.POLL.usage: 231
cpu3.C1-SKL.time: 2829487
cpu3.C1-SKL.usage: 29460
cpu3.C1E-SKL.time: 19794885
cpu3.C1E-SKL.usage: 47897
cpu3.C3-SKL.time: 6131819
cpu3.C3-SKL.usage: 13423
cpu3.C6-SKL.time: 50834066
cpu3.C6-SKL.usage: 64358
cpu3.C7s-SKL.time: 6097124
cpu3.C7s-SKL.usage: 2452
cpu3.C8-SKL.time: 184894307
cpu3.C8-SKL.usage: 71618
cpu3.C9-SKL.time: 4227534
cpu3.C9-SKL.usage: 873
cpu3.C10-SKL.time: 96957517
cpu3.C10-SKL.usage: 17297
