time: 1479988859.170482954
cpu0.POLL.time: 738103
cpu0.POLL.usage: 1835
cpu0.C1-SKL.time: 52520293
cpu0.C1-SKL.usage: 5114709
cpu0.C1E-SKL.time: 22155021
cpu0.C1E-SKL.usage: 112440
cpu0.C3-SKL.time: 8284270
cpu0.C3-SKL.usage: 75425
cpu0.C6-SKL.time: 75228184
cpu0.C6-SKL.usage: 150861
cpu0.C7s-SKL.time: 7325065
cpu0.C7s-SKL.usage: 3312
cpu0.C8-SKL.time: 343491556
cpu0.C8-SKL.usage: 141709
cpu0.C10-SKL.time: 6231006036
cpu0.C10-SKL.usage: 100551
cpu1.POLL.time: 82332
cpu1.POLL.usage: 1501
cpu1.C1-SKL.time: 51739525
cpu1.C1-SKL.usage: 5129910
cpu1.C1E-SKL.time: 12529545
cpu1.C1E-SKL.usage: 102938
cpu1.C3-SKL.time: 8631956
cpu1.C3-SKL.usage: 72829
cpu1.C6-SKL.time: 31164091
cpu1.C6-SKL.usage: 87521
cpu1.C7s-SKL.time: 4340760
cpu1.C7s-SKL.usage: 1628
cpu1.C8-SKL.time: 240110782
cpu1.C8-SKL.usage: 73977
cpu1.C10-SKL.time: 6444586362
cpu1.C10-SKL.usage: 95905
cpu2.POLL.time: 287151
cpu2.POLL.usage: 1771
cpu2.C1-SKL.time: 62275935
cpu2.C1-SKL.usage: 5580184
cpu2.C1E-SKL.time: 22077703
cpu2.C1E-SKL.usage: 103591
cpu2.C3-SKL.time: 8065490
cpu2.C3-SKL.usage: 74703
cpu2.C6-SKL.time: 28970095
cpu2.C6-SKL.usage: 110128
cpu2.C7s-SKL.time: 3620898
cpu2.C7s-SKL.usage: 1431
cpu2.C8-SKL.time: 204559424
cpu2.C8-SKL.usage: 67001
cpu2.C10-SKL.time: 6485155709
cpu2.C10-SKL.usage: 73291
cpu3.POLL.time: 114689
cpu3.POLL.usage: 1547
cpu3.C1-SKL.time: 56822565
cpu3.C1-SKL.usage: 5412315
cpu3.C1E-SKL.time: 16722221
cpu3.C1E-SKL.usage: 104598
cpu3.C3-SKL.time: 7854219
cpu3.C3-SKL.usage: 74933
cpu3.C6-SKL.time: 28973156
cpu3.C6-SKL.usage: 102896
cpu3.C7s-SKL.time: 2885395
cpu3.C7s-SKL.usage: 1258
cpu3.C8-SKL.time: 210767980
cpu3.C8-SKL.usage: 64177
cpu3.C10-SKL.time: 6490997185
cpu3.C10-SKL.usage: 72964
time: 1479989497.407250616
cpu0.POLL.time: 741787
cpu0.POLL.usage: 2448
cpu0.C1-SKL.time: 69452282
cpu0.C1-SKL.usage: 7011073
cpu0.C1E-SKL.time: 24291019
cpu0.C1E-SKL.usage: 153855
cpu0.C3-SKL.time: 9846849
cpu0.C3-SKL.usage: 97559
cpu0.C6-SKL.time: 76288963
cpu0.C6-SKL.usage: 163895
cpu0.C7s-SKL.time: 7325067
cpu0.C7s-SKL.usage: 3313
cpu0.C8-SKL.time: 343844684
cpu0.C8-SKL.usage: 142048
cpu0.C10-SKL.time: 6231423260
cpu0.C10-SKL.usage: 100603
cpu1.POLL.time: 85009
cpu1.POLL.usage: 2018
cpu1.C1-SKL.time: 68360467
cpu1.C1-SKL.usage: 6979916
cpu1.C1E-SKL.time: 14613878
cpu1.C1E-SKL.usage: 142761
cpu1.C3-SKL.time: 10134285
cpu1.C3-SKL.usage: 94297
cpu1.C6-SKL.time: 32287273
cpu1.C6-SKL.usage: 101716
cpu1.C7s-SKL.time: 4341564
cpu1.C7s-SKL.usage: 1630
cpu1.C8-SKL.time: 240358568
cpu1.C8-SKL.usage: 74191
cpu1.C10-SKL.time: 6445167450
cpu1.C10-SKL.usage: 95972
cpu2.POLL.time: 289177
cpu2.POLL.usage: 2293
cpu2.C1-SKL.time: 80656933
cpu2.C1-SKL.usage: 7608487
cpu2.C1E-SKL.time: 24050024
cpu2.C1E-SKL.usage: 141607
cpu2.C3-SKL.time: 9702013
cpu2.C3-SKL.usage: 98768
cpu2.C6-SKL.time: 30562358
cpu2.C6-SKL.usage: 129740
cpu2.C7s-SKL.time: 3620947
cpu2.C7s-SKL.usage: 1432
cpu2.C8-SKL.time: 204755688
cpu2.C8-SKL.usage: 67366
cpu2.C10-SKL.time: 6485789698
cpu2.C10-SKL.usage: 73349
cpu3.POLL.time: 116565
cpu3.POLL.usage: 2044
cpu3.C1-SKL.time: 75185161
cpu3.C1-SKL.usage: 7440847
cpu3.C1E-SKL.time: 18713060
cpu3.C1E-SKL.usage: 142344
cpu3.C3-SKL.time: 9422503
cpu3.C3-SKL.usage: 98168
cpu3.C6-SKL.time: 30746719
cpu3.C6-SKL.usage: 124889
cpu3.C7s-SKL.time: 2885399
cpu3.C7s-SKL.usage: 1260
cpu3.C8-SKL.time: 210965211
cpu3.C8-SKL.usage: 64601
cpu3.C10-SKL.time: 6491594798
cpu3.C10-SKL.usage: 73009
