time: 1480661299.570680656
cpu0.POLL.time: 3956749
cpu0.POLL.usage: 2138
cpu0.C1-SKL.time: 13308003
cpu0.C1-SKL.usage: 113812
cpu0.C1E-SKL.time: 110326533
cpu0.C1E-SKL.usage: 340513
cpu0.C3-SKL.time: 92856390
cpu0.C3-SKL.usage: 244883
cpu0.C6-SKL.time: 1137572304
cpu0.C6-SKL.usage: 1596802
cpu0.C7s-SKL.time: 71369414
cpu0.C7s-SKL.usage: 31155
cpu0.C8-SKL.time: 3637125827
cpu0.C8-SKL.usage: 1187224
cpu0.C9-SKL.time: 40449311
cpu0.C9-SKL.usage: 12185
cpu0.C10-SKL.time: 5167778818
cpu0.C10-SKL.usage: 595116
cpu1.POLL.time: 1822854
cpu1.POLL.usage: 1331
cpu1.C1-SKL.time: 9616081
cpu1.C1-SKL.usage: 63039
cpu1.C1E-SKL.time: 49786250
cpu1.C1E-SKL.usage: 156462
cpu1.C3-SKL.time: 60089211
cpu1.C3-SKL.usage: 154185
cpu1.C6-SKL.time: 935977914
cpu1.C6-SKL.usage: 1203090
cpu1.C7s-SKL.time: 38197182
cpu1.C7s-SKL.usage: 14710
cpu1.C8-SKL.time: 2637646357
cpu1.C8-SKL.usage: 811622
cpu1.C9-SKL.time: 32004237
cpu1.C9-SKL.usage: 8392
cpu1.C10-SKL.time: 6640933214
cpu1.C10-SKL.usage: 708898
cpu2.POLL.time: 2160849
cpu2.POLL.usage: 833
cpu2.C1-SKL.time: 11250096
cpu2.C1-SKL.usage: 69548
cpu2.C1E-SKL.time: 39260564
cpu2.C1E-SKL.usage: 115623
cpu2.C3-SKL.time: 35301003
cpu2.C3-SKL.usage: 87630
cpu2.C6-SKL.time: 534509879
cpu2.C6-SKL.usage: 663217
cpu2.C7s-SKL.time: 33903397
cpu2.C7s-SKL.usage: 13226
cpu2.C8-SKL.time: 2065121427
cpu2.C8-SKL.usage: 571209
cpu2.C9-SKL.time: 29901382
cpu2.C9-SKL.usage: 7693
cpu2.C10-SKL.time: 7789303778
cpu2.C10-SKL.usage: 761505
cpu3.POLL.time: 2348371
cpu3.POLL.usage: 652
cpu3.C1-SKL.time: 6738011
cpu3.C1-SKL.usage: 51520
cpu3.C1E-SKL.time: 25052866
cpu3.C1E-SKL.usage: 81225
cpu3.C3-SKL.time: 19959903
cpu3.C3-SKL.usage: 73541
cpu3.C6-SKL.time: 551120653
cpu3.C6-SKL.usage: 671780
cpu3.C7s-SKL.time: 11544890
cpu3.C7s-SKL.usage: 4212
cpu3.C8-SKL.time: 2034573995
cpu3.C8-SKL.usage: 585955
cpu3.C9-SKL.time: 13979679
cpu3.C9-SKL.usage: 3099
cpu3.C10-SKL.time: 7904923813
cpu3.C10-SKL.usage: 763558
time: 1480661310.052261434
cpu0.POLL.time: 3969642
cpu0.POLL.usage: 2142
cpu0.C1-SKL.time: 13320153
cpu0.C1-SKL.usage: 113908
cpu0.C1E-SKL.time: 110519702
cpu0.C1E-SKL.usage: 340989
cpu0.C3-SKL.time: 93021134
cpu0.C3-SKL.usage: 245262
cpu0.C6-SKL.time: 1138736666
cpu0.C6-SKL.usage: 1598537
cpu0.C7s-SKL.time: 71452400
cpu0.C7s-SKL.usage: 31187
cpu0.C8-SKL.time: 3640330806
cpu0.C8-SKL.usage: 1188045
cpu0.C9-SKL.time: 40534032
cpu0.C9-SKL.usage: 12204
cpu0.C10-SKL.time: 5172642085
cpu0.C10-SKL.usage: 595859
cpu1.POLL.time: 1822854
cpu1.POLL.usage: 1331
cpu1.C1-SKL.time: 9619075
cpu1.C1-SKL.usage: 63075
cpu1.C1E-SKL.time: 49806165
cpu1.C1E-SKL.usage: 156578
cpu1.C3-SKL.time: 60133255
cpu1.C3-SKL.usage: 154367
cpu1.C6-SKL.time: 936799128
cpu1.C6-SKL.usage: 1204283
cpu1.C7s-SKL.time: 38203858
cpu1.C7s-SKL.usage: 14712
cpu1.C8-SKL.time: 2640133109
cpu1.C8-SKL.usage: 812297
cpu1.C9-SKL.time: 32025887
cpu1.C9-SKL.usage: 8397
cpu1.C10-SKL.time: 6647442565
cpu1.C10-SKL.usage: 709728
cpu2.POLL.time: 2162864
cpu2.POLL.usage: 835
cpu2.C1-SKL.time: 11253787
cpu2.C1-SKL.usage: 69570
cpu2.C1E-SKL.time: 39288372
cpu2.C1E-SKL.usage: 115717
cpu2.C3-SKL.time: 35336943
cpu2.C3-SKL.usage: 87747
cpu2.C6-SKL.time: 535317922
cpu2.C6-SKL.usage: 664263
cpu2.C7s-SKL.time: 33917725
cpu2.C7s-SKL.usage: 13231
cpu2.C8-SKL.time: 2066653876
cpu2.C8-SKL.usage: 571701
cpu2.C9-SKL.time: 29916930
cpu2.C9-SKL.usage: 7701
cpu2.C10-SKL.time: 7796783709
cpu2.C10-SKL.usage: 762293
cpu3.POLL.time: 2355820
cpu3.POLL.usage: 654
cpu3.C1-SKL.time: 6745880
cpu3.C1-SKL.usage: 51554
cpu3.C1E-SKL.time: 25074086
cpu3.C1E-SKL.usage: 81321
cpu3.C3-SKL.time: 19977100
cpu3.C3-SKL.usage: 73652
cpu3.C6-SKL.time: 552035062
cpu3.C6-SKL.usage: 672987
cpu3.C7s-SKL.time: 11549526
cpu3.C7s-SKL.usage: 4213
cpu3.C8-SKL.time: 2035945425
cpu3.C8-SKL.usage: 586433
cpu3.C9-SKL.time: 13979679
cpu3.C9-SKL.usage: 3099
cpu3.C10-SKL.time: 7912584186
cpu3.C10-SKL.usage: 764228
