time: 1481001297.640424992
cpu0.POLL.time: 4994761
cpu0.POLL.usage: 2935
cpu0.C1-SKL.time: 22522639
cpu0.C1-SKL.usage: 221081
cpu0.C1E-SKL.time: 164629270
cpu0.C1E-SKL.usage: 719581
cpu0.C3-SKL.time: 107836588
cpu0.C3-SKL.usage: 346959
cpu0.C6-SKL.time: 1590496308
cpu0.C6-SKL.usage: 2264966
cpu0.C7s-SKL.time: 75444525
cpu0.C7s-SKL.usage: 33111
cpu0.C8-SKL.time: 4571943650
cpu0.C8-SKL.usage: 1614379
cpu0.C9-SKL.time: 38995283
cpu0.C9-SKL.usage: 12426
cpu0.C10-SKL.time: 3076684394
cpu0.C10-SKL.usage: 534394
cpu1.POLL.time: 2740681
cpu1.POLL.usage: 2102
cpu1.C1-SKL.time: 10399826
cpu1.C1-SKL.usage: 108932
cpu1.C1E-SKL.time: 76624446
cpu1.C1E-SKL.usage: 296150
cpu1.C3-SKL.time: 67685365
cpu1.C3-SKL.usage: 224713
cpu1.C6-SKL.time: 1348649483
cpu1.C6-SKL.usage: 1805760
cpu1.C7s-SKL.time: 39175590
cpu1.C7s-SKL.usage: 15405
cpu1.C8-SKL.time: 3986103348
cpu1.C8-SKL.usage: 1308549
cpu1.C9-SKL.time: 35635542
cpu1.C9-SKL.usage: 9437
cpu1.C10-SKL.time: 4233478480
cpu1.C10-SKL.usage: 647159
cpu2.POLL.time: 3257700
cpu2.POLL.usage: 1370
cpu2.C1-SKL.time: 13393686
cpu2.C1-SKL.usage: 98730
cpu2.C1E-SKL.time: 78597815
cpu2.C1E-SKL.usage: 276930
cpu2.C3-SKL.time: 51031133
cpu2.C3-SKL.usage: 145880
cpu2.C6-SKL.time: 801124601
cpu2.C6-SKL.usage: 1082369
cpu2.C7s-SKL.time: 40976881
cpu2.C7s-SKL.usage: 16563
cpu2.C8-SKL.time: 3522367166
cpu2.C8-SKL.usage: 1040766
cpu2.C9-SKL.time: 34326241
cpu2.C9-SKL.usage: 8769
cpu2.C10-SKL.time: 5425445540
cpu2.C10-SKL.usage: 758720
cpu3.POLL.time: 1993532
cpu3.POLL.usage: 1049
cpu3.C1-SKL.time: 11572334
cpu3.C1-SKL.usage: 90307
cpu3.C1E-SKL.time: 50984201
cpu3.C1E-SKL.usage: 205677
cpu3.C3-SKL.time: 32675730
cpu3.C3-SKL.usage: 125677
cpu3.C6-SKL.time: 755827735
cpu3.C6-SKL.usage: 994616
cpu3.C7s-SKL.time: 13286908
cpu3.C7s-SKL.usage: 5008
cpu3.C8-SKL.time: 3347122833
cpu3.C8-SKL.usage: 983150
cpu3.C9-SKL.time: 15507414
cpu3.C9-SKL.usage: 3537
cpu3.C10-SKL.time: 5762270198
cpu3.C10-SKL.usage: 768529
time: 1481001298.733501643
cpu0.POLL.time: 4994761
cpu0.POLL.usage: 2935
cpu0.C1-SKL.time: 22540599
cpu0.C1-SKL.usage: 221112
cpu0.C1E-SKL.time: 164642666
cpu0.C1E-SKL.usage: 719650
cpu0.C3-SKL.time: 107845331
cpu0.C3-SKL.usage: 347006
cpu0.C6-SKL.time: 1590694149
cpu0.C6-SKL.usage: 2265276
cpu0.C7s-SKL.time: 75444525
cpu0.C7s-SKL.usage: 33111
cpu0.C8-SKL.time: 4572400563
cpu0.C8-SKL.usage: 1614530
cpu0.C9-SKL.time: 38995283
cpu0.C9-SKL.usage: 12426
cpu0.C10-SKL.time: 3076978616
cpu0.C10-SKL.usage: 534449
cpu1.POLL.time: 2740681
cpu1.POLL.usage: 2102
cpu1.C1-SKL.time: 10423013
cpu1.C1-SKL.usage: 108937
cpu1.C1E-SKL.time: 76627243
cpu1.C1E-SKL.usage: 296173
cpu1.C3-SKL.time: 67691176
cpu1.C3-SKL.usage: 224750
cpu1.C6-SKL.time: 1348922524
cpu1.C6-SKL.usage: 1806136
cpu1.C7s-SKL.time: 39175590
cpu1.C7s-SKL.usage: 15405
cpu1.C8-SKL.time: 3986426617
cpu1.C8-SKL.usage: 1308665
cpu1.C9-SKL.time: 35638369
cpu1.C9-SKL.usage: 9438
cpu1.C10-SKL.time: 4233833747
cpu1.C10-SKL.usage: 647208
cpu2.POLL.time: 3257701
cpu2.POLL.usage: 1371
cpu2.C1-SKL.time: 13396565
cpu2.C1-SKL.usage: 98772
cpu2.C1E-SKL.time: 78599083
cpu2.C1E-SKL.usage: 276951
cpu2.C3-SKL.time: 51033560
cpu2.C3-SKL.usage: 145892
cpu2.C6-SKL.time: 801205917
cpu2.C6-SKL.usage: 1082491
cpu2.C7s-SKL.time: 40976881
cpu2.C7s-SKL.usage: 16563
cpu2.C8-SKL.time: 3522762692
cpu2.C8-SKL.usage: 1040882
cpu2.C9-SKL.time: 34326241
cpu2.C9-SKL.usage: 8769
cpu2.C10-SKL.time: 5425975956
cpu2.C10-SKL.usage: 758812
cpu3.POLL.time: 1993532
cpu3.POLL.usage: 1049
cpu3.C1-SKL.time: 11574457
cpu3.C1-SKL.usage: 90319
cpu3.C1E-SKL.time: 51000270
cpu3.C1E-SKL.usage: 205723
cpu3.C3-SKL.time: 32691554
cpu3.C3-SKL.usage: 125717
cpu3.C6-SKL.time: 755944990
cpu3.C6-SKL.usage: 994789
cpu3.C7s-SKL.time: 13300712
cpu3.C7s-SKL.usage: 5012
cpu3.C8-SKL.time: 3347548490
cpu3.C8-SKL.usage: 983256
cpu3.C9-SKL.time: 15507414
cpu3.C9-SKL.usage: 3537
cpu3.C10-SKL.time: 5762669000
cpu3.C10-SKL.usage: 768606
