time: 1480997600.217699033
cpu0.POLL.time: 4037912
cpu0.POLL.usage: 2395
cpu0.C1-SKL.time: 17772161
cpu0.C1-SKL.usage: 182366
cpu0.C1E-SKL.time: 127264221
cpu0.C1E-SKL.usage: 569265
cpu0.C3-SKL.time: 83525979
cpu0.C3-SKL.usage: 266457
cpu0.C6-SKL.time: 1267970132
cpu0.C6-SKL.usage: 1797252
cpu0.C7s-SKL.time: 54106870
cpu0.C7s-SKL.usage: 23136
cpu0.C8-SKL.time: 3587633562
cpu0.C8-SKL.usage: 1227417
cpu0.C9-SKL.time: 32358292
cpu0.C9-SKL.usage: 9861
cpu0.C10-SKL.time: 2853186491
cpu0.C10-SKL.usage: 475840
cpu1.POLL.time: 2331452
cpu1.POLL.usage: 1801
cpu1.C1-SKL.time: 8502672
cpu1.C1-SKL.usage: 97121
cpu1.C1E-SKL.time: 64182794
cpu1.C1E-SKL.usage: 250485
cpu1.C3-SKL.time: 55487139
cpu1.C3-SKL.usage: 182690
cpu1.C6-SKL.time: 1105087002
cpu1.C6-SKL.usage: 1483303
cpu1.C7s-SKL.time: 30168202
cpu1.C7s-SKL.usage: 11954
cpu1.C8-SKL.time: 3138148906
cpu1.C8-SKL.usage: 1032891
cpu1.C9-SKL.time: 28411986
cpu1.C9-SKL.usage: 7323
cpu1.C10-SKL.time: 3693100842
cpu1.C10-SKL.usage: 544717
cpu2.POLL.time: 2890341
cpu2.POLL.usage: 1177
cpu2.C1-SKL.time: 10532588
cpu2.C1-SKL.usage: 90125
cpu2.C1E-SKL.time: 68601354
cpu2.C1E-SKL.usage: 242592
cpu2.C3-SKL.time: 43899972
cpu2.C3-SKL.usage: 123988
cpu2.C6-SKL.time: 664495910
cpu2.C6-SKL.usage: 904758
cpu2.C7s-SKL.time: 35269716
cpu2.C7s-SKL.usage: 14333
cpu2.C8-SKL.time: 2868440782
cpu2.C8-SKL.usage: 850058
cpu2.C9-SKL.time: 28701528
cpu2.C9-SKL.usage: 7290
cpu2.C10-SKL.time: 4534917709
cpu2.C10-SKL.usage: 624793
cpu3.POLL.time: 1691593
cpu3.POLL.usage: 916
cpu3.C1-SKL.time: 8545856
cpu3.C1-SKL.usage: 80492
cpu3.C1E-SKL.time: 43829445
cpu3.C1E-SKL.usage: 178955
cpu3.C3-SKL.time: 27062609
cpu3.C3-SKL.usage: 102568
cpu3.C6-SKL.time: 612852012
cpu3.C6-SKL.usage: 807445
cpu3.C7s-SKL.time: 10975255
cpu3.C7s-SKL.usage: 4123
cpu3.C8-SKL.time: 2652241130
cpu3.C8-SKL.usage: 782618
cpu3.C9-SKL.time: 12800207
cpu3.C9-SKL.usage: 2806
cpu3.C10-SKL.time: 4928254192
cpu3.C10-SKL.usage: 637648
time: 1480997601.288967391
cpu0.POLL.time: 4037912
cpu0.POLL.usage: 2395
cpu0.C1-SKL.time: 17773486
cpu0.C1-SKL.usage: 182381
cpu0.C1E-SKL.time: 127274537
cpu0.C1E-SKL.usage: 569331
cpu0.C3-SKL.time: 83539374
cpu0.C3-SKL.usage: 266515
cpu0.C6-SKL.time: 1268188620
cpu0.C6-SKL.usage: 1797606
cpu0.C7s-SKL.time: 54114312
cpu0.C7s-SKL.usage: 23140
cpu0.C8-SKL.time: 3588220504
cpu0.C8-SKL.usage: 1227610
cpu0.C9-SKL.time: 32362274
cpu0.C9-SKL.usage: 9863
cpu0.C10-SKL.time: 2853302906
cpu0.C10-SKL.usage: 475881
cpu1.POLL.time: 2331452
cpu1.POLL.usage: 1801
cpu1.C1-SKL.time: 8504896
cpu1.C1-SKL.usage: 97154
cpu1.C1E-SKL.time: 64188158
cpu1.C1E-SKL.usage: 250505
cpu1.C3-SKL.time: 55494284
cpu1.C3-SKL.usage: 182718
cpu1.C6-SKL.time: 1105273692
cpu1.C6-SKL.usage: 1483568
cpu1.C7s-SKL.time: 30185707
cpu1.C7s-SKL.usage: 11959
cpu1.C8-SKL.time: 3138639461
cpu1.C8-SKL.usage: 1033034
cpu1.C9-SKL.time: 28411986
cpu1.C9-SKL.usage: 7323
cpu1.C10-SKL.time: 3693342569
cpu1.C10-SKL.usage: 544770
cpu2.POLL.time: 2891093
cpu2.POLL.usage: 1178
cpu2.C1-SKL.time: 10535878
cpu2.C1-SKL.usage: 90158
cpu2.C1E-SKL.time: 68603658
cpu2.C1E-SKL.usage: 242625
cpu2.C3-SKL.time: 43902122
cpu2.C3-SKL.usage: 124003
cpu2.C6-SKL.time: 664677147
cpu2.C6-SKL.usage: 905007
cpu2.C7s-SKL.time: 35269716
cpu2.C7s-SKL.usage: 14333
cpu2.C8-SKL.time: 2868818455
cpu2.C8-SKL.usage: 850169
cpu2.C9-SKL.time: 28701528
cpu2.C9-SKL.usage: 7290
cpu2.C10-SKL.time: 4535355027
cpu2.C10-SKL.usage: 624868
cpu3.POLL.time: 1693613
cpu3.POLL.usage: 917
cpu3.C1-SKL.time: 8549485
cpu3.C1-SKL.usage: 80545
cpu3.C1E-SKL.time: 43835476
cpu3.C1E-SKL.usage: 178998
cpu3.C3-SKL.time: 27065620
cpu3.C3-SKL.usage: 102580
cpu3.C6-SKL.time: 612970198
cpu3.C6-SKL.usage: 807627
cpu3.C7s-SKL.time: 10979530
cpu3.C7s-SKL.usage: 4126
cpu3.C8-SKL.time: 2652666054
cpu3.C8-SKL.usage: 782742
cpu3.C9-SKL.time: 12800207
cpu3.C9-SKL.usage: 2806
cpu3.C10-SKL.time: 4928686387
cpu3.C10-SKL.usage: 637726
