time: 1480388029.607431038
cpu0.POLL.time: 246525
cpu0.POLL.usage: 185
cpu0.C1-HSW.time: 1120192
cpu0.C1-HSW.usage: 12451
cpu0.C1E-HSW.time: 13444963
cpu0.C1E-HSW.usage: 58433
cpu0.C3-HSW.time: 14972137
cpu0.C3-HSW.usage: 37622
cpu0.C6-HSW.time: 5358680
cpu0.C6-HSW.usage: 8819
cpu0.C7s-HSW.time: 111413287
cpu0.C7s-HSW.usage: 71010
cpu0.C8-HSW.time: 21480027
cpu0.C8-HSW.usage: 13817
cpu0.C9-HSW.time: 77283271
cpu0.C9-HSW.usage: 16914
cpu0.C10-HSW.time: 931063351
cpu0.C10-HSW.usage: 20735
cpu1.POLL.time: 112255
cpu1.POLL.usage: 125
cpu1.C1-HSW.time: 825048
cpu1.C1-HSW.usage: 5442
cpu1.C1E-HSW.time: 3358864
cpu1.C1E-HSW.usage: 15079
cpu1.C3-HSW.time: 7291387
cpu1.C3-HSW.usage: 18547
cpu1.C6-HSW.time: 3142302
cpu1.C6-HSW.usage: 4514
cpu1.C7s-HSW.time: 92616201
cpu1.C7s-HSW.usage: 53702
cpu1.C8-HSW.time: 13152718
cpu1.C8-HSW.usage: 6719
cpu1.C9-HSW.time: 67718599
cpu1.C9-HSW.usage: 14382
cpu1.C10-HSW.time: 986667148
cpu1.C10-HSW.usage: 19554
cpu2.POLL.time: 44361
cpu2.POLL.usage: 74
cpu2.C1-HSW.time: 484958
cpu2.C1-HSW.usage: 4256
cpu2.C1E-HSW.time: 4433661
cpu2.C1E-HSW.usage: 11926
cpu2.C3-HSW.time: 6119061
cpu2.C3-HSW.usage: 11130
cpu2.C6-HSW.time: 2109400
cpu2.C6-HSW.usage: 2427
cpu2.C7s-HSW.time: 59952334
cpu2.C7s-HSW.usage: 20041
cpu2.C8-HSW.time: 10849723
cpu2.C8-HSW.usage: 5002
cpu2.C9-HSW.time: 56674860
cpu2.C9-HSW.usage: 11107
cpu2.C10-HSW.time: 1044142191
cpu2.C10-HSW.usage: 18789
cpu3.POLL.time: 246905
cpu3.POLL.usage: 60
cpu3.C1-HSW.time: 462132
cpu3.C1-HSW.usage: 4648
cpu3.C1E-HSW.time: 3153663
cpu3.C1E-HSW.usage: 9954
cpu3.C3-HSW.time: 5882918
cpu3.C3-HSW.usage: 10747
cpu3.C6-HSW.time: 2712757
cpu3.C6-HSW.usage: 2733
cpu3.C7s-HSW.time: 97915097
cpu3.C7s-HSW.usage: 28522
cpu3.C8-HSW.time: 13409646
cpu3.C8-HSW.usage: 7744
cpu3.C9-HSW.time: 68554684
cpu3.C9-HSW.usage: 13622
cpu3.C10-HSW.time: 989566879
cpu3.C10-HSW.usage: 20312
time: 1480388040.957915960
cpu0.POLL.time: 266661
cpu0.POLL.usage: 189
cpu0.C1-HSW.time: 1152415
cpu0.C1-HSW.usage: 12560
cpu0.C1E-HSW.time: 13465619
cpu0.C1E-HSW.usage: 58604
cpu0.C3-HSW.time: 15103763
cpu0.C3-HSW.usage: 37923
cpu0.C6-HSW.time: 5428121
cpu0.C6-HSW.usage: 8933
cpu0.C7s-HSW.time: 113065697
cpu0.C7s-HSW.usage: 72222
cpu0.C8-HSW.time: 21603578
cpu0.C8-HSW.usage: 13900
cpu0.C9-HSW.time: 78031845
cpu0.C9-HSW.usage: 17003
cpu0.C10-HSW.time: 939445806
cpu0.C10-HSW.usage: 20967
cpu1.POLL.time: 112336
cpu1.POLL.usage: 128
cpu1.C1-HSW.time: 827824
cpu1.C1-HSW.usage: 5475
cpu1.C1E-HSW.time: 3368257
cpu1.C1E-HSW.usage: 15151
cpu1.C3-HSW.time: 7394841
cpu1.C3-HSW.usage: 18764
cpu1.C6-HSW.time: 3188393
cpu1.C6-HSW.usage: 4600
cpu1.C7s-HSW.time: 93799965
cpu1.C7s-HSW.usage: 54259
cpu1.C8-HSW.time: 13237579
cpu1.C8-HSW.usage: 6771
cpu1.C9-HSW.time: 68682585
cpu1.C9-HSW.usage: 14578
cpu1.C10-HSW.time: 995443886
cpu1.C10-HSW.usage: 19809
cpu2.POLL.time: 44361
cpu2.POLL.usage: 74
cpu2.C1-HSW.time: 488202
cpu2.C1-HSW.usage: 4292
cpu2.C1E-HSW.time: 4439208
cpu2.C1E-HSW.usage: 11972
cpu2.C3-HSW.time: 6155076
cpu2.C3-HSW.usage: 11266
cpu2.C6-HSW.time: 2133960
cpu2.C6-HSW.usage: 2469
cpu2.C7s-HSW.time: 61368579
cpu2.C7s-HSW.usage: 20548
cpu2.C8-HSW.time: 10891703
cpu2.C8-HSW.usage: 5027
cpu2.C9-HSW.time: 57025886
cpu2.C9-HSW.usage: 11163
cpu2.C10-HSW.time: 1053487598
cpu2.C10-HSW.usage: 18983
cpu3.POLL.time: 246905
cpu3.POLL.usage: 60
cpu3.C1-HSW.time: 465256
cpu3.C1-HSW.usage: 4665
cpu3.C1E-HSW.time: 3164063
cpu3.C1E-HSW.usage: 10005
cpu3.C3-HSW.time: 5925202
cpu3.C3-HSW.usage: 10898
cpu3.C6-HSW.time: 2739548
cpu3.C6-HSW.usage: 2794
cpu3.C7s-HSW.time: 99305308
cpu3.C7s-HSW.usage: 29236
cpu3.C8-HSW.time: 13463980
cpu3.C8-HSW.usage: 7777
cpu3.C9-HSW.time: 69250111
cpu3.C9-HSW.usage: 13713
cpu3.C10-HSW.time: 998586851
cpu3.C10-HSW.usage: 20458
