time: 1480993959.021151214
cpu0.POLL.time: 2039660
cpu0.POLL.usage: 1246
cpu0.C1-SKL.time: 8154747
cpu0.C1-SKL.usage: 85262
cpu0.C1E-SKL.time: 54246836
cpu0.C1E-SKL.usage: 247902
cpu0.C3-SKL.time: 34160137
cpu0.C3-SKL.usage: 120970
cpu0.C6-SKL.time: 720746092
cpu0.C6-SKL.usage: 988677
cpu0.C7s-SKL.time: 19588095
cpu0.C7s-SKL.usage: 8078
cpu0.C8-SKL.time: 1929106273
cpu0.C8-SKL.usage: 653927
cpu0.C9-SKL.time: 12555022
cpu0.C9-SKL.usage: 3508
cpu0.C10-SKL.time: 1931807731
cpu0.C10-SKL.usage: 295287
cpu1.POLL.time: 1471621
cpu1.POLL.usage: 1104
cpu1.C1-SKL.time: 4372725
cpu1.C1-SKL.usage: 50631
cpu1.C1E-SKL.time: 39205768
cpu1.C1E-SKL.usage: 147900
cpu1.C3-SKL.time: 29886014
cpu1.C3-SKL.usage: 105677
cpu1.C6-SKL.time: 681806176
cpu1.C6-SKL.usage: 915009
cpu1.C7s-SKL.time: 16017220
cpu1.C7s-SKL.usage: 6379
cpu1.C8-SKL.time: 1848677800
cpu1.C8-SKL.usage: 612150
cpu1.C9-SKL.time: 14304967
cpu1.C9-SKL.usage: 3520
cpu1.C10-SKL.time: 2126951490
cpu1.C10-SKL.usage: 309501
cpu2.POLL.time: 2197892
cpu2.POLL.usage: 788
cpu2.C1-SKL.time: 5417792
cpu2.C1-SKL.usage: 54459
cpu2.C1E-SKL.time: 46210029
cpu2.C1E-SKL.usage: 157460
cpu2.C3-SKL.time: 29545791
cpu2.C3-SKL.usage: 81622
cpu2.C6-SKL.time: 421715261
cpu2.C6-SKL.usage: 589269
cpu2.C7s-SKL.time: 27258489
cpu2.C7s-SKL.usage: 11280
cpu2.C8-SKL.time: 1928490333
cpu2.C8-SKL.usage: 557440
cpu2.C9-SKL.time: 17720383
cpu2.C9-SKL.usage: 4594
cpu2.C10-SKL.time: 2323169975
cpu2.C10-SKL.usage: 348598
cpu3.POLL.time: 1086054
cpu3.POLL.usage: 556
cpu3.C1-SKL.time: 4078565
cpu3.C1-SKL.usage: 43049
cpu3.C1E-SKL.time: 27221539
cpu3.C1E-SKL.usage: 109119
cpu3.C3-SKL.time: 15775000
cpu3.C3-SKL.usage: 59586
cpu3.C6-SKL.time: 355875819
cpu3.C6-SKL.usage: 472381
cpu3.C7s-SKL.time: 6514984
cpu3.C7s-SKL.usage: 2447
cpu3.C8-SKL.time: 1609017179
cpu3.C8-SKL.usage: 459986
cpu3.C9-SKL.time: 8134385
cpu3.C9-SKL.usage: 1650
cpu3.C10-SKL.time: 2814788776
cpu3.C10-SKL.usage: 367003
time: 1480993970.606360047
cpu0.POLL.time: 2042199
cpu0.POLL.usage: 1250
cpu0.C1-SKL.time: 8206451
cpu0.C1-SKL.usage: 88357
cpu0.C1E-SKL.time: 54510860
cpu0.C1E-SKL.usage: 248764
cpu0.C3-SKL.time: 34291886
cpu0.C3-SKL.usage: 121358
cpu0.C6-SKL.time: 722533892
cpu0.C6-SKL.usage: 991099
cpu0.C7s-SKL.time: 19671635
cpu0.C7s-SKL.usage: 8123
cpu0.C8-SKL.time: 1932975630
cpu0.C8-SKL.usage: 655279
cpu0.C9-SKL.time: 12561846
cpu0.C9-SKL.usage: 3514
cpu0.C10-SKL.time: 1934593876
cpu0.C10-SKL.usage: 295766
cpu1.POLL.time: 1472674
cpu1.POLL.usage: 1109
cpu1.C1-SKL.time: 4429299
cpu1.C1-SKL.usage: 53420
cpu1.C1E-SKL.time: 39399565
cpu1.C1E-SKL.usage: 148599
cpu1.C3-SKL.time: 29995600
cpu1.C3-SKL.usage: 106000
cpu1.C6-SKL.time: 683373704
cpu1.C6-SKL.usage: 917123
cpu1.C7s-SKL.time: 16095571
cpu1.C7s-SKL.usage: 6408
cpu1.C8-SKL.time: 1852008366
cpu1.C8-SKL.usage: 613208
cpu1.C9-SKL.time: 14350069
cpu1.C9-SKL.usage: 3528
cpu1.C10-SKL.time: 2131046238
cpu1.C10-SKL.usage: 310045
cpu2.POLL.time: 2209314
cpu2.POLL.usage: 796
cpu2.C1-SKL.time: 5452668
cpu2.C1-SKL.usage: 57292
cpu2.C1E-SKL.time: 46308857
cpu2.C1E-SKL.usage: 157849
cpu2.C3-SKL.time: 29713615
cpu2.C3-SKL.usage: 81840
cpu2.C6-SKL.time: 422794680
cpu2.C6-SKL.usage: 590791
cpu2.C7s-SKL.time: 27299203
cpu2.C7s-SKL.usage: 11299
cpu2.C8-SKL.time: 1931088206
cpu2.C8-SKL.usage: 558261
cpu2.C9-SKL.time: 17785320
cpu2.C9-SKL.usage: 4609
cpu2.C10-SKL.time: 2328419216
cpu2.C10-SKL.usage: 349286
cpu3.POLL.time: 1090008
cpu3.POLL.usage: 567
cpu3.C1-SKL.time: 4157146
cpu3.C1-SKL.usage: 45987
cpu3.C1E-SKL.time: 27308579
cpu3.C1E-SKL.usage: 109558
cpu3.C3-SKL.time: 15839848
cpu3.C3-SKL.usage: 59812
cpu3.C6-SKL.time: 357279949
cpu3.C6-SKL.usage: 474325
cpu3.C7s-SKL.time: 6554360
cpu3.C7s-SKL.usage: 2458
cpu3.C8-SKL.time: 1611468833
cpu3.C8-SKL.usage: 460866
cpu3.C9-SKL.time: 8223415
cpu3.C9-SKL.usage: 1661
cpu3.C10-SKL.time: 2819987923
cpu3.C10-SKL.usage: 367637
