time: 1480387057.548619869
cpu0.POLL.time: 92683
cpu0.POLL.usage: 111
cpu0.C1-HSW.time: 655176
cpu0.C1-HSW.usage: 7701
cpu0.C1E-HSW.time: 6851757
cpu0.C1E-HSW.usage: 21072
cpu0.C3-HSW.time: 8516955
cpu0.C3-HSW.usage: 20990
cpu0.C6-HSW.time: 2714216
cpu0.C6-HSW.usage: 4859
cpu0.C7s-HSW.time: 28680022
cpu0.C7s-HSW.usage: 22775
cpu0.C8-HSW.time: 9820172
cpu0.C8-HSW.usage: 7275
cpu0.C9-HSW.time: 18901813
cpu0.C9-HSW.usage: 5501
cpu0.C10-HSW.time: 140403001
cpu0.C10-HSW.usage: 4937
cpu1.POLL.time: 87704
cpu1.POLL.usage: 88
cpu1.C1-HSW.time: 719779
cpu1.C1-HSW.usage: 4795
cpu1.C1E-HSW.time: 1093003
cpu1.C1E-HSW.usage: 6571
cpu1.C3-HSW.time: 3086341
cpu1.C3-HSW.usage: 8124
cpu1.C6-HSW.time: 1095815
cpu1.C6-HSW.usage: 1966
cpu1.C7s-HSW.time: 21513888
cpu1.C7s-HSW.usage: 14513
cpu1.C8-HSW.time: 7646003
cpu1.C8-HSW.usage: 3717
cpu1.C9-HSW.time: 24298152
cpu1.C9-HSW.usage: 5844
cpu1.C10-HSW.time: 153262588
cpu1.C10-HSW.usage: 4480
cpu2.POLL.time: 24952
cpu2.POLL.usage: 55
cpu2.C1-HSW.time: 367216
cpu2.C1-HSW.usage: 3739
cpu2.C1E-HSW.time: 1073295
cpu2.C1E-HSW.usage: 4564
cpu2.C3-HSW.time: 3482092
cpu2.C3-HSW.usage: 6344
cpu2.C6-HSW.time: 1201845
cpu2.C6-HSW.usage: 1472
cpu2.C7s-HSW.time: 28611906
cpu2.C7s-HSW.usage: 11194
cpu2.C8-HSW.time: 7696436
cpu2.C8-HSW.usage: 3823
cpu2.C9-HSW.time: 19792691
cpu2.C9-HSW.usage: 5081
cpu2.C10-HSW.time: 156576285
cpu2.C10-HSW.usage: 3924
cpu3.POLL.time: 54876
cpu3.POLL.usage: 46
cpu3.C1-HSW.time: 416941
cpu3.C1-HSW.usage: 4279
cpu3.C1E-HSW.time: 1628992
cpu3.C1E-HSW.usage: 5407
cpu3.C3-HSW.time: 3845980
cpu3.C3-HSW.usage: 6100
cpu3.C6-HSW.time: 1245362
cpu3.C6-HSW.usage: 1702
cpu3.C7s-HSW.time: 28539871
cpu3.C7s-HSW.usage: 14513
cpu3.C8-HSW.time: 10752245
cpu3.C8-HSW.usage: 6377
cpu3.C9-HSW.time: 20802081
cpu3.C9-HSW.usage: 6467
cpu3.C10-HSW.time: 149105683
cpu3.C10-HSW.usage: 3905
time: 1480387068.883009110
cpu0.POLL.time: 108183
cpu0.POLL.usage: 118
cpu0.C1-HSW.time: 677230
cpu0.C1-HSW.usage: 7873
cpu0.C1E-HSW.time: 6921443
cpu0.C1E-HSW.usage: 21369
cpu0.C3-HSW.time: 8802686
cpu0.C3-HSW.usage: 21655
cpu0.C6-HSW.time: 2883471
cpu0.C6-HSW.usage: 5062
cpu0.C7s-HSW.time: 31445394
cpu0.C7s-HSW.usage: 24273
cpu0.C8-HSW.time: 10998557
cpu0.C8-HSW.usage: 7833
cpu0.C9-HSW.time: 21141657
cpu0.C9-HSW.usage: 6198
cpu0.C10-HSW.time: 144375177
cpu0.C10-HSW.usage: 5102
cpu1.POLL.time: 94689
cpu1.POLL.usage: 90
cpu1.C1-HSW.time: 754852
cpu1.C1-HSW.usage: 4988
cpu1.C1E-HSW.time: 1145414
cpu1.C1E-HSW.usage: 6845
cpu1.C3-HSW.time: 3376013
cpu1.C3-HSW.usage: 8854
cpu1.C6-HSW.time: 1251258
cpu1.C6-HSW.usage: 2185
cpu1.C7s-HSW.time: 24702857
cpu1.C7s-HSW.usage: 16467
cpu1.C8-HSW.time: 8543403
cpu1.C8-HSW.usage: 4145
cpu1.C9-HSW.time: 26249464
cpu1.C9-HSW.usage: 6410
cpu1.C10-HSW.time: 157588815
cpu1.C10-HSW.usage: 4655
cpu2.POLL.time: 25041
cpu2.POLL.usage: 58
cpu2.C1-HSW.time: 391744
cpu2.C1-HSW.usage: 3878
cpu2.C1E-HSW.time: 1101743
cpu2.C1E-HSW.usage: 4744
cpu2.C3-HSW.time: 3704814
cpu2.C3-HSW.usage: 6797
cpu2.C6-HSW.time: 1273062
cpu2.C6-HSW.usage: 1582
cpu2.C7s-HSW.time: 32042936
cpu2.C7s-HSW.usage: 12439
cpu2.C8-HSW.time: 8262621
cpu2.C8-HSW.usage: 4071
cpu2.C9-HSW.time: 22063776
cpu2.C9-HSW.usage: 5744
cpu2.C10-HSW.time: 160595184
cpu2.C10-HSW.usage: 4067
cpu3.POLL.time: 165552
cpu3.POLL.usage: 53
cpu3.C1-HSW.time: 426992
cpu3.C1-HSW.usage: 4392
cpu3.C1E-HSW.time: 1653968
cpu3.C1E-HSW.usage: 5627
cpu3.C3-HSW.time: 4020105
cpu3.C3-HSW.usage: 6630
cpu3.C6-HSW.time: 1337115
cpu3.C6-HSW.usage: 1859
cpu3.C7s-HSW.time: 32931816
cpu3.C7s-HSW.usage: 16860
cpu3.C8-HSW.time: 11323051
cpu3.C8-HSW.usage: 6622
cpu3.C9-HSW.time: 22506925
cpu3.C9-HSW.usage: 6983
cpu3.C10-HSW.time: 152899828
cpu3.C10-HSW.usage: 4058
