time: 1480052232.014463366
cpu0.POLL.time: 68641
cpu0.POLL.usage: 83
cpu0.C1-HSW.time: 1106247
cpu0.C1-HSW.usage: 10206
cpu0.C1E-HSW.time: 17872734
cpu0.C1E-HSW.usage: 47447
cpu0.C3-HSW.time: 9648155
cpu0.C3-HSW.usage: 30685
cpu0.C6-HSW.time: 3026477
cpu0.C6-HSW.usage: 5289
cpu0.C7s-HSW.time: 33086108
cpu0.C7s-HSW.usage: 17866
cpu0.C8-HSW.time: 8584042
cpu0.C8-HSW.usage: 5926
cpu0.C9-HSW.time: 29829450
cpu0.C9-HSW.usage: 8107
cpu0.C10-HSW.time: 303941476
cpu0.C10-HSW.usage: 6651
cpu1.POLL.time: 21839
cpu1.POLL.usage: 48
cpu1.C1-HSW.time: 778991
cpu1.C1-HSW.usage: 3983
cpu1.C1E-HSW.time: 2741792
cpu1.C1E-HSW.usage: 8771
cpu1.C3-HSW.time: 4817453
cpu1.C3-HSW.usage: 11268
cpu1.C6-HSW.time: 1547526
cpu1.C6-HSW.usage: 2624
cpu1.C7s-HSW.time: 34340620
cpu1.C7s-HSW.usage: 14394
cpu1.C8-HSW.time: 6436634
cpu1.C8-HSW.usage: 3387
cpu1.C9-HSW.time: 32797084
cpu1.C9-HSW.usage: 6134
cpu1.C10-HSW.time: 329613411
cpu1.C10-HSW.usage: 6502
cpu2.POLL.time: 13609
cpu2.POLL.usage: 36
cpu2.C1-HSW.time: 1221076
cpu2.C1-HSW.usage: 4907
cpu2.C1E-HSW.time: 3688197
cpu2.C1E-HSW.usage: 7466
cpu2.C3-HSW.time: 4463975
cpu2.C3-HSW.usage: 6561
cpu2.C6-HSW.time: 1030327
cpu2.C6-HSW.usage: 1677
cpu2.C7s-HSW.time: 61344221
cpu2.C7s-HSW.usage: 13601
cpu2.C8-HSW.time: 4643578
cpu2.C8-HSW.usage: 2127
cpu2.C9-HSW.time: 24834006
cpu2.C9-HSW.usage: 4032
cpu2.C10-HSW.time: 314941697
cpu2.C10-HSW.usage: 3928
cpu3.POLL.time: 25304
cpu3.POLL.usage: 42
cpu3.C1-HSW.time: 1214404
cpu3.C1-HSW.usage: 4666
cpu3.C1E-HSW.time: 3815609
cpu3.C1E-HSW.usage: 8974
cpu3.C3-HSW.time: 4885882
cpu3.C3-HSW.usage: 8148
cpu3.C6-HSW.time: 1427492
cpu3.C6-HSW.usage: 1891
cpu3.C7s-HSW.time: 69067237
cpu3.C7s-HSW.usage: 15148
cpu3.C8-HSW.time: 7547381
cpu3.C8-HSW.usage: 3509
cpu3.C9-HSW.time: 26513268
cpu3.C9-HSW.usage: 5800
cpu3.C10-HSW.time: 300089519
cpu3.C10-HSW.usage: 4532
time: 1480052243.384598237
cpu0.POLL.time: 72750
cpu0.POLL.usage: 88
cpu0.C1-HSW.time: 1161943
cpu0.C1-HSW.usage: 10477
cpu0.C1E-HSW.time: 17924899
cpu0.C1E-HSW.usage: 47831
cpu0.C3-HSW.time: 10209304
cpu0.C3-HSW.usage: 31549
cpu0.C6-HSW.time: 3221723
cpu0.C6-HSW.usage: 5523
cpu0.C7s-HSW.time: 36252491
cpu0.C7s-HSW.usage: 19594
cpu0.C8-HSW.time: 9555909
cpu0.C8-HSW.usage: 6439
cpu0.C9-HSW.time: 30892382
cpu0.C9-HSW.usage: 8550
cpu0.C10-HSW.time: 308699692
cpu0.C10-HSW.usage: 6817
cpu1.POLL.time: 21953
cpu1.POLL.usage: 51
cpu1.C1-HSW.time: 796025
cpu1.C1-HSW.usage: 4130
cpu1.C1E-HSW.time: 2798569
cpu1.C1E-HSW.usage: 9089
cpu1.C3-HSW.time: 5111500
cpu1.C3-HSW.usage: 11938
cpu1.C6-HSW.time: 1665181
cpu1.C6-HSW.usage: 2795
cpu1.C7s-HSW.time: 37320467
cpu1.C7s-HSW.usage: 16170
cpu1.C8-HSW.time: 7074753
cpu1.C8-HSW.usage: 3677
cpu1.C9-HSW.time: 34542314
cpu1.C9-HSW.usage: 6642
cpu1.C10-HSW.time: 334598063
cpu1.C10-HSW.usage: 6673
cpu2.POLL.time: 18035
cpu2.POLL.usage: 40
cpu2.C1-HSW.time: 1229650
cpu2.C1-HSW.usage: 4983
cpu2.C1E-HSW.time: 3720385
cpu2.C1E-HSW.usage: 7677
cpu2.C3-HSW.time: 4719858
cpu2.C3-HSW.usage: 7146
cpu2.C6-HSW.time: 1133484
cpu2.C6-HSW.usage: 1817
cpu2.C7s-HSW.time: 63816621
cpu2.C7s-HSW.usage: 15492
cpu2.C8-HSW.time: 5130535
cpu2.C8-HSW.usage: 2345
cpu2.C9-HSW.time: 26207088
cpu2.C9-HSW.usage: 4511
cpu2.C10-HSW.time: 321243922
cpu2.C10-HSW.usage: 4066
cpu3.POLL.time: 25899
cpu3.POLL.usage: 45
cpu3.C1-HSW.time: 1240224
cpu3.C1-HSW.usage: 4788
cpu3.C1E-HSW.time: 3862007
cpu3.C1E-HSW.usage: 9142
cpu3.C3-HSW.time: 5021354
cpu3.C3-HSW.usage: 8499
cpu3.C6-HSW.time: 1499942
cpu3.C6-HSW.usage: 2015
cpu3.C7s-HSW.time: 72141898
cpu3.C7s-HSW.usage: 16363
cpu3.C8-HSW.time: 8019108
cpu3.C8-HSW.usage: 3693
cpu3.C9-HSW.time: 28913872
cpu3.C9-HSW.usage: 6439
cpu3.C10-HSW.time: 304576068
cpu3.C10-HSW.usage: 4655
