time: 1480661594.989394425
cpu0.POLL.time: 4115384
cpu0.POLL.usage: 2243
cpu0.C1-SKL.time: 15149947
cpu0.C1-SKL.usage: 127157
cpu0.C1E-SKL.time: 121983316
cpu0.C1E-SKL.usage: 402542
cpu0.C3-SKL.time: 98280205
cpu0.C3-SKL.usage: 263431
cpu0.C6-SKL.time: 1175289798
cpu0.C6-SKL.usage: 1654442
cpu0.C7s-SKL.time: 73549537
cpu0.C7s-SKL.usage: 32108
cpu0.C8-SKL.time: 3736242413
cpu0.C8-SKL.usage: 1221685
cpu0.C9-SKL.time: 41333194
cpu0.C9-SKL.usage: 12493
cpu0.C10-SKL.time: 5270971894
cpu0.C10-SKL.usage: 611533
cpu1.POLL.time: 1853862
cpu1.POLL.usage: 1382
cpu1.C1-SKL.time: 9926906
cpu1.C1-SKL.usage: 67354
cpu1.C1E-SKL.time: 55136892
cpu1.C1E-SKL.usage: 175814
cpu1.C3-SKL.time: 63848240
cpu1.C3-SKL.usage: 166053
cpu1.C6-SKL.time: 969199806
cpu1.C6-SKL.usage: 1251206
cpu1.C7s-SKL.time: 39149569
cpu1.C7s-SKL.usage: 15084
cpu1.C8-SKL.time: 2720943471
cpu1.C8-SKL.usage: 842707
cpu1.C9-SKL.time: 32656931
cpu1.C9-SKL.usage: 8589
cpu1.C10-SKL.time: 6790652239
cpu1.C10-SKL.usage: 728579
cpu2.POLL.time: 2203189
cpu2.POLL.usage: 858
cpu2.C1-SKL.time: 11529092
cpu2.C1-SKL.usage: 70710
cpu2.C1E-SKL.time: 44915738
cpu2.C1E-SKL.usage: 133804
cpu2.C3-SKL.time: 37130491
cpu2.C3-SKL.usage: 93216
cpu2.C6-SKL.time: 553805623
cpu2.C6-SKL.usage: 689102
cpu2.C7s-SKL.time: 34237192
cpu2.C7s-SKL.usage: 13373
cpu2.C8-SKL.time: 2120976638
cpu2.C8-SKL.usage: 590558
cpu2.C9-SKL.time: 30456309
cpu2.C9-SKL.usage: 7793
cpu2.C10-SKL.time: 7970623386
cpu2.C10-SKL.usage: 781064
cpu3.POLL.time: 2390721
cpu3.POLL.usage: 692
cpu3.C1-SKL.time: 7051109
cpu3.C1-SKL.usage: 54107
cpu3.C1E-SKL.time: 28950757
cpu3.C1E-SKL.usage: 93908
cpu3.C3-SKL.time: 22403298
cpu3.C3-SKL.usage: 80740
cpu3.C6-SKL.time: 574620675
cpu3.C6-SKL.usage: 705052
cpu3.C7s-SKL.time: 11880049
cpu3.C7s-SKL.usage: 4354
cpu3.C8-SKL.time: 2101031542
cpu3.C8-SKL.usage: 610281
cpu3.C9-SKL.time: 14647156
cpu3.C9-SKL.usage: 3233
cpu3.C10-SKL.time: 8086478610
cpu3.C10-SKL.usage: 784222
time: 1480661606.482129340
cpu0.POLL.time: 4115384
cpu0.POLL.usage: 2243
cpu0.C1-SKL.time: 15155242
cpu0.C1-SKL.usage: 127237
cpu0.C1E-SKL.time: 122155800
cpu0.C1E-SKL.usage: 403062
cpu0.C3-SKL.time: 98416529
cpu0.C3-SKL.usage: 263814
cpu0.C6-SKL.time: 1176933316
cpu0.C6-SKL.usage: 1656868
cpu0.C7s-SKL.time: 73602159
cpu0.C7s-SKL.usage: 32142
cpu0.C8-SKL.time: 3739900889
cpu0.C8-SKL.usage: 1222662
cpu0.C9-SKL.time: 41355254
cpu0.C9-SKL.usage: 12506
cpu0.C10-SKL.time: 5275872343
cpu0.C10-SKL.usage: 612295
cpu1.POLL.time: 1853905
cpu1.POLL.usage: 1383
cpu1.C1-SKL.time: 9937701
cpu1.C1-SKL.usage: 67397
cpu1.C1E-SKL.time: 55166965
cpu1.C1E-SKL.usage: 175980
cpu1.C3-SKL.time: 63925011
cpu1.C3-SKL.usage: 166300
cpu1.C6-SKL.time: 970355092
cpu1.C6-SKL.usage: 1252880
cpu1.C7s-SKL.time: 39154231
cpu1.C7s-SKL.usage: 15085
cpu1.C8-SKL.time: 2723212828
cpu1.C8-SKL.usage: 843349
cpu1.C9-SKL.time: 32670293
cpu1.C9-SKL.usage: 8594
cpu1.C10-SKL.time: 6797935492
cpu1.C10-SKL.usage: 729457
cpu2.POLL.time: 2207979
cpu2.POLL.usage: 860
cpu2.C1-SKL.time: 11533315
cpu2.C1-SKL.usage: 70758
cpu2.C1E-SKL.time: 44962281
cpu2.C1E-SKL.usage: 133918
cpu2.C3-SKL.time: 37180051
cpu2.C3-SKL.usage: 93353
cpu2.C6-SKL.time: 554595109
cpu2.C6-SKL.usage: 690159
cpu2.C7s-SKL.time: 34255077
cpu2.C7s-SKL.usage: 13380
cpu2.C8-SKL.time: 2122946656
cpu2.C8-SKL.usage: 591155
cpu2.C9-SKL.time: 30484815
cpu2.C9-SKL.usage: 7802
cpu2.C10-SKL.time: 7978709527
cpu2.C10-SKL.usage: 781920
cpu3.POLL.time: 2390810
cpu3.POLL.usage: 693
cpu3.C1-SKL.time: 7053218
cpu3.C1-SKL.usage: 54130
cpu3.C1E-SKL.time: 28956214
cpu3.C1E-SKL.usage: 93961
cpu3.C3-SKL.time: 22419899
cpu3.C3-SKL.usage: 80837
cpu3.C6-SKL.time: 575151126
cpu3.C6-SKL.usage: 705815
cpu3.C7s-SKL.time: 11880049
cpu3.C7s-SKL.usage: 4354
cpu3.C8-SKL.time: 2102572182
cpu3.C8-SKL.usage: 610732
cpu3.C9-SKL.time: 14647156
cpu3.C9-SKL.usage: 3233
cpu3.C10-SKL.time: 8095404655
cpu3.C10-SKL.usage: 785034
