time: 1481099470.565361311
cpu0.POLL.time: 342808
cpu0.POLL.usage: 418
cpu0.C1-SKL.time: 4458242
cpu0.C1-SKL.usage: 38619
cpu0.C1E-SKL.time: 25814278
cpu0.C1E-SKL.usage: 85218
cpu0.C3-SKL.time: 10647220
cpu0.C3-SKL.usage: 32527
cpu0.C6-SKL.time: 155586571
cpu0.C6-SKL.usage: 210204
cpu0.C7s-SKL.time: 6937564
cpu0.C7s-SKL.usage: 2833
cpu0.C8-SKL.time: 413255930
cpu0.C8-SKL.usage: 155786
cpu0.C9-SKL.time: 4119430
cpu0.C9-SKL.usage: 1019
cpu0.C10-SKL.time: 381124998
cpu0.C10-SKL.usage: 49425
cpu1.POLL.time: 271039
cpu1.POLL.usage: 394
cpu1.C1-SKL.time: 3577280
cpu1.C1-SKL.usage: 35895
cpu1.C1E-SKL.time: 22416071
cpu1.C1E-SKL.usage: 67885
cpu1.C3-SKL.time: 10702590
cpu1.C3-SKL.usage: 32299
cpu1.C6-SKL.time: 156424372
cpu1.C6-SKL.usage: 211969
cpu1.C7s-SKL.time: 7062722
cpu1.C7s-SKL.usage: 2879
cpu1.C8-SKL.time: 404756797
cpu1.C8-SKL.usage: 152709
cpu1.C9-SKL.time: 4867810
cpu1.C9-SKL.usage: 1077
cpu1.C10-SKL.time: 425796043
cpu1.C10-SKL.usage: 53105
cpu2.POLL.time: 510941
cpu2.POLL.usage: 364
cpu2.C1-SKL.time: 5454918
cpu2.C1-SKL.usage: 47564
cpu2.C1E-SKL.time: 28655592
cpu2.C1E-SKL.usage: 99254
cpu2.C3-SKL.time: 12826950
cpu2.C3-SKL.usage: 32432
cpu2.C6-SKL.time: 135028027
cpu2.C6-SKL.usage: 187584
cpu2.C7s-SKL.time: 9380089
cpu2.C7s-SKL.usage: 4264
cpu2.C8-SKL.time: 464329669
cpu2.C8-SKL.usage: 182892
cpu2.C9-SKL.time: 4975004
cpu2.C9-SKL.usage: 1451
cpu2.C10-SKL.time: 362116599
cpu2.C10-SKL.usage: 48654
cpu3.POLL.time: 277110
cpu3.POLL.usage: 299
cpu3.C1-SKL.time: 3330434
cpu3.C1-SKL.usage: 34372
cpu3.C1E-SKL.time: 18246277
cpu3.C1E-SKL.usage: 66542
cpu3.C3-SKL.time: 7575243
cpu3.C3-SKL.usage: 22645
cpu3.C6-SKL.time: 109282719
cpu3.C6-SKL.usage: 143786
cpu3.C7s-SKL.time: 5197499
cpu3.C7s-SKL.usage: 1976
cpu3.C8-SKL.time: 385751445
cpu3.C8-SKL.usage: 134706
cpu3.C9-SKL.time: 4349761
cpu3.C9-SKL.usage: 918
cpu3.C10-SKL.time: 516758586
cpu3.C10-SKL.usage: 61898
time: 1481099471.700164607
cpu0.POLL.time: 342808
cpu0.POLL.usage: 418
cpu0.C1-SKL.time: 4460756
cpu0.C1-SKL.usage: 38711
cpu0.C1E-SKL.time: 25871336
cpu0.C1E-SKL.usage: 85265
cpu0.C3-SKL.time: 10661517
cpu0.C3-SKL.usage: 32563
cpu0.C6-SKL.time: 155726270
cpu0.C6-SKL.usage: 210403
cpu0.C7s-SKL.time: 6950202
cpu0.C7s-SKL.usage: 2841
cpu0.C8-SKL.time: 413551042
cpu0.C8-SKL.usage: 155860
cpu0.C9-SKL.time: 4135056
cpu0.C9-SKL.usage: 1023
cpu0.C10-SKL.time: 381572801
cpu0.C10-SKL.usage: 49494
cpu1.POLL.time: 271039
cpu1.POLL.usage: 394
cpu1.C1-SKL.time: 3581531
cpu1.C1-SKL.usage: 35932
cpu1.C1E-SKL.time: 22450103
cpu1.C1E-SKL.usage: 67978
cpu1.C3-SKL.time: 10704138
cpu1.C3-SKL.usage: 32309
cpu1.C6-SKL.time: 156511248
cpu1.C6-SKL.usage: 212099
cpu1.C7s-SKL.time: 7076647
cpu1.C7s-SKL.usage: 2881
cpu1.C8-SKL.time: 405021636
cpu1.C8-SKL.usage: 152796
cpu1.C9-SKL.time: 4867818
cpu1.C9-SKL.usage: 1078
cpu1.C10-SKL.time: 426435961
cpu1.C10-SKL.usage: 53184
cpu2.POLL.time: 512957
cpu2.POLL.usage: 365
cpu2.C1-SKL.time: 5455342
cpu2.C1-SKL.usage: 47575
cpu2.C1E-SKL.time: 28670706
cpu2.C1E-SKL.usage: 99304
cpu2.C3-SKL.time: 12830044
cpu2.C3-SKL.usage: 32453
cpu2.C6-SKL.time: 135201991
cpu2.C6-SKL.usage: 187832
cpu2.C7s-SKL.time: 9380089
cpu2.C7s-SKL.usage: 4264
cpu2.C8-SKL.time: 464663950
cpu2.C8-SKL.usage: 182986
cpu2.C9-SKL.time: 4975004
cpu2.C9-SKL.usage: 1451
cpu2.C10-SKL.time: 362648866
cpu2.C10-SKL.usage: 48738
cpu3.POLL.time: 277110
cpu3.POLL.usage: 299
cpu3.C1-SKL.time: 3332114
cpu3.C1-SKL.usage: 34391
cpu3.C1E-SKL.time: 18259333
cpu3.C1E-SKL.usage: 66590
cpu3.C3-SKL.time: 7603603
cpu3.C3-SKL.usage: 22684
cpu3.C6-SKL.time: 109399504
cpu3.C6-SKL.usage: 143883
cpu3.C7s-SKL.time: 5236310
cpu3.C7s-SKL.usage: 1977
cpu3.C8-SKL.time: 385881569
cpu3.C8-SKL.usage: 134751
cpu3.C9-SKL.time: 4349761
cpu3.C9-SKL.usage: 918
cpu3.C10-SKL.time: 517458410
cpu3.C10-SKL.usage: 61966
