time: 1478085923.449931333
                    CPU0       CPU1       CPU2       CPU3       CPU4       CPU5       CPU6       CPU7       
          HI:          0          0          0          1          0          0          1          0
       TIMER:      19523      12728      12242      11818      10362       7148       6646       7133
      NET_TX:         21          0          0          0          0          0          0          0
      NET_RX:       4638        313        410        348       2084        427        529        373
       BLOCK:      12205       1500        493        970       6100        857        669        690
BLOCK_IOPOLL:          0          0          0          0          0          0          0          0
     TASKLET:         37          6          4        103          2          0         22          0
       SCHED:       6918       4918       4268       4148       3674       2418       2626       2572
     HRTIMER:          0          0          0          0          0          0          0          0
         RCU:      13475       9406       9083       8250       7963       5170       5191       5562
time: 1478085949.405595591
                    CPU0       CPU1       CPU2       CPU3       CPU4       CPU5       CPU6       CPU7       
          HI:          0          0          0          1          0          0          1          0
       TIMER:      44657      37853      37353      36909      35489      32240      31754      32218
      NET_TX:         25          0          0          0          0          0          0          0
      NET_RX:       4659        317        411        351       2097        430        531        375
       BLOCK:      12394       1502        495        970       6129        857        675        690
BLOCK_IOPOLL:          0          0          0          0          0          0          0          0
     TASKLET:         37          6          4        103          2          0         22          0
       SCHED:       7221       5222       4564       4443       3968       2723       2921       2852
     HRTIMER:          0          0          0          0          0          0          0          0
         RCU:      15970      11928      11754      10739      10486       7788       7825       8098
