time: 1480995112.590305164
cpu0.POLL.time: 2719756
cpu0.POLL.usage: 1675
cpu0.C1-SKL.time: 12571675
cpu0.C1-SKL.usage: 135891
cpu0.C1E-SKL.time: 84516944
cpu0.C1E-SKL.usage: 406490
cpu0.C3-SKL.time: 51550397
cpu0.C3-SKL.usage: 174021
cpu0.C6-SKL.time: 898583199
cpu0.C6-SKL.usage: 1252279
cpu0.C7s-SKL.time: 30672641
cpu0.C7s-SKL.usage: 12779
cpu0.C8-SKL.time: 2428544501
cpu0.C8-SKL.usage: 834420
cpu0.C9-SKL.time: 20264516
cpu0.C9-SKL.usage: 5878
cpu0.C10-SKL.time: 2227586500
cpu0.C10-SKL.usage: 350807
cpu1.POLL.time: 1734533
cpu1.POLL.usage: 1391
cpu1.C1-SKL.time: 5590272
cpu1.C1-SKL.usage: 72186
cpu1.C1E-SKL.time: 49990311
cpu1.C1E-SKL.usage: 198268
cpu1.C3-SKL.time: 38746806
cpu1.C3-SKL.usage: 133764
cpu1.C6-SKL.time: 824877713
cpu1.C6-SKL.usage: 1108838
cpu1.C7s-SKL.time: 20352504
cpu1.C7s-SKL.usage: 8042
cpu1.C8-SKL.time: 2266488170
cpu1.C8-SKL.usage: 752308
cpu1.C9-SKL.time: 18563597
cpu1.C9-SKL.usage: 4680
cpu1.C10-SKL.time: 2589697716
cpu1.C10-SKL.usage: 380445
cpu2.POLL.time: 2441067
cpu2.POLL.usage: 938
cpu2.C1-SKL.time: 6407630
cpu2.C1-SKL.usage: 69008
cpu2.C1E-SKL.time: 57229830
cpu2.C1E-SKL.usage: 203317
cpu2.C3-SKL.time: 35209365
cpu2.C3-SKL.usage: 97901
cpu2.C6-SKL.time: 504739276
cpu2.C6-SKL.usage: 698388
cpu2.C7s-SKL.time: 29827099
cpu2.C7s-SKL.usage: 12260
cpu2.C8-SKL.time: 2226197509
cpu2.C8-SKL.usage: 650802
cpu2.C9-SKL.time: 21197158
cpu2.C9-SKL.usage: 5482
cpu2.C10-SKL.time: 3007853970
cpu2.C10-SKL.usage: 434914
cpu3.POLL.time: 1363719
cpu3.POLL.usage: 706
cpu3.C1-SKL.time: 5391547
cpu3.C1-SKL.usage: 60323
cpu3.C1E-SKL.time: 35563623
cpu3.C1E-SKL.usage: 147383
cpu3.C3-SKL.time: 20392599
cpu3.C3-SKL.usage: 76937
cpu3.C6-SKL.time: 444109427
cpu3.C6-SKL.usage: 588563
cpu3.C7s-SKL.time: 7825592
cpu3.C7s-SKL.usage: 2955
cpu3.C8-SKL.time: 1949876258
cpu3.C8-SKL.usage: 568719
cpu3.C9-SKL.time: 9567883
cpu3.C9-SKL.usage: 1983
cpu3.C10-SKL.time: 3457147196
cpu3.C10-SKL.usage: 450195
time: 1480995113.672251724
cpu0.POLL.time: 2721430
cpu0.POLL.usage: 1677
cpu0.C1-SKL.time: 12572287
cpu0.C1-SKL.usage: 135900
cpu0.C1E-SKL.time: 84525172
cpu0.C1E-SKL.usage: 406531
cpu0.C3-SKL.time: 51555913
cpu0.C3-SKL.usage: 174056
cpu0.C6-SKL.time: 898723447
cpu0.C6-SKL.usage: 1252490
cpu0.C7s-SKL.time: 30672641
cpu0.C7s-SKL.usage: 12779
cpu0.C8-SKL.time: 2428892644
cpu0.C8-SKL.usage: 834502
cpu0.C9-SKL.time: 20264516
cpu0.C9-SKL.usage: 5878
cpu0.C10-SKL.time: 2228071580
cpu0.C10-SKL.usage: 350884
cpu1.POLL.time: 1734533
cpu1.POLL.usage: 1391
cpu1.C1-SKL.time: 5591980
cpu1.C1-SKL.usage: 72195
cpu1.C1E-SKL.time: 49998772
cpu1.C1E-SKL.usage: 198312
cpu1.C3-SKL.time: 38762158
cpu1.C3-SKL.usage: 133797
cpu1.C6-SKL.time: 825050552
cpu1.C6-SKL.usage: 1109077
cpu1.C7s-SKL.time: 20358422
cpu1.C7s-SKL.usage: 8045
cpu1.C8-SKL.time: 2266736004
cpu1.C8-SKL.usage: 752397
cpu1.C9-SKL.time: 18572695
cpu1.C9-SKL.usage: 4684
cpu1.C10-SKL.time: 2590233755
cpu1.C10-SKL.usage: 380515
cpu2.POLL.time: 2441067
cpu2.POLL.usage: 938
cpu2.C1-SKL.time: 6407680
cpu2.C1-SKL.usage: 69011
cpu2.C1E-SKL.time: 57234991
cpu2.C1E-SKL.usage: 203341
cpu2.C3-SKL.time: 35211352
cpu2.C3-SKL.usage: 97915
cpu2.C6-SKL.time: 504829138
cpu2.C6-SKL.usage: 698531
cpu2.C7s-SKL.time: 29827099
cpu2.C7s-SKL.usage: 12260
cpu2.C8-SKL.time: 2226428477
cpu2.C8-SKL.usage: 650860
cpu2.C9-SKL.time: 21198215
cpu2.C9-SKL.usage: 5484
cpu2.C10-SKL.time: 3008538195
cpu2.C10-SKL.usage: 435017
cpu3.POLL.time: 1363719
cpu3.POLL.usage: 706
cpu3.C1-SKL.time: 5412005
cpu3.C1-SKL.usage: 60349
cpu3.C1E-SKL.time: 35566021
cpu3.C1E-SKL.usage: 147408
cpu3.C3-SKL.time: 20395227
cpu3.C3-SKL.usage: 76952
cpu3.C6-SKL.time: 444200431
cpu3.C6-SKL.usage: 588674
cpu3.C7s-SKL.time: 7825592
cpu3.C7s-SKL.usage: 2955
cpu3.C8-SKL.time: 1950034003
cpu3.C8-SKL.usage: 568771
cpu3.C9-SKL.time: 9567883
cpu3.C9-SKL.usage: 1983
cpu3.C10-SKL.time: 3457890028
cpu3.C10-SKL.usage: 450274
