time: 1480991063.745618281
cpu0.POLL.time: 866408
cpu0.POLL.usage: 625
cpu0.C1-SKL.time: 3544326
cpu0.C1-SKL.usage: 34972
cpu0.C1E-SKL.time: 25374078
cpu0.C1E-SKL.usage: 91898
cpu0.C3-SKL.time: 13963125
cpu0.C3-SKL.usage: 56064
cpu0.C6-SKL.time: 395105570
cpu0.C6-SKL.usage: 538122
cpu0.C7s-SKL.time: 6821534
cpu0.C7s-SKL.usage: 2679
cpu0.C8-SKL.time: 1111119580
cpu0.C8-SKL.usage: 377763
cpu0.C9-SKL.time: 4263933
cpu0.C9-SKL.usage: 907
cpu0.C10-SKL.time: 464421483
cpu0.C10-SKL.usage: 98308
cpu1.POLL.time: 798241
cpu1.POLL.usage: 620
cpu1.C1-SKL.time: 2647568
cpu1.C1-SKL.usage: 29478
cpu1.C1E-SKL.time: 22559124
cpu1.C1E-SKL.usage: 76346
cpu1.C3-SKL.time: 13486321
cpu1.C3-SKL.usage: 56591
cpu1.C6-SKL.time: 398501390
cpu1.C6-SKL.usage: 540054
cpu1.C7s-SKL.time: 6407690
cpu1.C7s-SKL.usage: 2603
cpu1.C8-SKL.time: 1107913578
cpu1.C8-SKL.usage: 376099
cpu1.C9-SKL.time: 5635031
cpu1.C9-SKL.usage: 1150
cpu1.C10-SKL.time: 484369352
cpu1.C10-SKL.usage: 100840
cpu2.POLL.time: 1039601
cpu2.POLL.usage: 438
cpu2.C1-SKL.time: 3847328
cpu2.C1-SKL.usage: 34746
cpu2.C1E-SKL.time: 26951801
cpu2.C1E-SKL.usage: 90306
cpu2.C3-SKL.time: 13526674
cpu2.C3-SKL.usage: 43647
cpu2.C6-SKL.time: 239532836
cpu2.C6-SKL.usage: 343276
cpu2.C7s-SKL.time: 10671462
cpu2.C7s-SKL.usage: 4261
cpu2.C8-SKL.time: 1195463305
cpu2.C8-SKL.usage: 360882
cpu2.C9-SKL.time: 6024394
cpu2.C9-SKL.usage: 1548
cpu2.C10-SKL.time: 566180179
cpu2.C10-SKL.usage: 118019
cpu3.POLL.time: 713221
cpu3.POLL.usage: 349
cpu3.C1-SKL.time: 2689105
cpu3.C1-SKL.usage: 26784
cpu3.C1E-SKL.time: 16689413
cpu3.C1E-SKL.usage: 63572
cpu3.C3-SKL.time: 8984232
cpu3.C3-SKL.usage: 32675
cpu3.C6-SKL.time: 198364073
cpu3.C6-SKL.usage: 269367
cpu3.C7s-SKL.time: 4151274
cpu3.C7s-SKL.usage: 1537
cpu3.C8-SKL.time: 1050236773
cpu3.C8-SKL.usage: 295763
cpu3.C9-SKL.time: 4779860
cpu3.C9-SKL.usage: 857
cpu3.C10-SKL.time: 789855544
cpu3.C10-SKL.usage: 139664
time: 1480991074.306773301
cpu0.POLL.time: 866658
cpu0.POLL.usage: 627
cpu0.C1-SKL.time: 3567852
cpu0.C1-SKL.usage: 35163
cpu0.C1E-SKL.time: 25553311
cpu0.C1E-SKL.usage: 92456
cpu0.C3-SKL.time: 14063946
cpu0.C3-SKL.usage: 56390
cpu0.C6-SKL.time: 396518783
cpu0.C6-SKL.usage: 540127
cpu0.C7s-SKL.time: 6859373
cpu0.C7s-SKL.usage: 2696
cpu0.C8-SKL.time: 1114292633
cpu0.C8-SKL.usage: 378876
cpu0.C9-SKL.time: 4284745
cpu0.C9-SKL.usage: 914
cpu0.C10-SKL.time: 468843836
cpu0.C10-SKL.usage: 98962
cpu1.POLL.time: 799170
cpu1.POLL.usage: 630
cpu1.C1-SKL.time: 2682370
cpu1.C1-SKL.usage: 30010
cpu1.C1E-SKL.time: 22789391
cpu1.C1E-SKL.usage: 77005
cpu1.C3-SKL.time: 13573919
cpu1.C3-SKL.usage: 56870
cpu1.C6-SKL.time: 399884865
cpu1.C6-SKL.usage: 542035
cpu1.C7s-SKL.time: 6488233
cpu1.C7s-SKL.usage: 2640
cpu1.C8-SKL.time: 1111015644
cpu1.C8-SKL.usage: 377126
cpu1.C9-SKL.time: 5682629
cpu1.C9-SKL.usage: 1161
cpu1.C10-SKL.time: 488860971
cpu1.C10-SKL.usage: 101483
cpu2.POLL.time: 1071883
cpu2.POLL.usage: 443
cpu2.C1-SKL.time: 3866901
cpu2.C1-SKL.usage: 34928
cpu2.C1E-SKL.time: 27266684
cpu2.C1E-SKL.usage: 91013
cpu2.C3-SKL.time: 13653552
cpu2.C3-SKL.usage: 43932
cpu2.C6-SKL.time: 240754017
cpu2.C6-SKL.usage: 344893
cpu2.C7s-SKL.time: 10893082
cpu2.C7s-SKL.usage: 4361
cpu2.C8-SKL.time: 1198594325
cpu2.C8-SKL.usage: 361882
cpu2.C9-SKL.time: 6095304
cpu2.C9-SKL.usage: 1572
cpu2.C10-SKL.time: 570311311
cpu2.C10-SKL.usage: 118608
cpu3.POLL.time: 713337
cpu3.POLL.usage: 351
cpu3.C1-SKL.time: 2713884
cpu3.C1-SKL.usage: 26971
cpu3.C1E-SKL.time: 16816130
cpu3.C1E-SKL.usage: 64057
cpu3.C3-SKL.time: 9057084
cpu3.C3-SKL.usage: 32907
cpu3.C6-SKL.time: 199368841
cpu3.C6-SKL.usage: 270854
cpu3.C7s-SKL.time: 4184541
cpu3.C7s-SKL.usage: 1550
cpu3.C8-SKL.time: 1052845520
cpu3.C8-SKL.usage: 296608
cpu3.C9-SKL.time: 4841031
cpu3.C9-SKL.usage: 873
cpu3.C10-SKL.time: 795619568
cpu3.C10-SKL.usage: 140305
