time: 1479973642.102892898
cpu0.POLL.time: 102118
cpu0.POLL.usage: 680
cpu0.C1-HSW.time: 15959364
cpu0.C1-HSW.usage: 198090
cpu0.C1E-HSW.time: 7387172
cpu0.C1E-HSW.usage: 68099
cpu0.C3-HSW.time: 13908781
cpu0.C3-HSW.usage: 27299
cpu0.C6-HSW.time: 5191670
cpu0.C6-HSW.usage: 5988
cpu0.C7s-HSW.time: 21493288
cpu0.C7s-HSW.usage: 19601
cpu0.C8-HSW.time: 17036154
cpu0.C8-HSW.usage: 8982
cpu0.C9-HSW.time: 39364428
cpu0.C9-HSW.usage: 11584
cpu0.C10-HSW.time: 20291917
cpu0.C10-HSW.usage: 2748
cpu1.POLL.time: 82358
cpu1.POLL.usage: 576
cpu1.C1-HSW.time: 15469605
cpu1.C1-HSW.usage: 185329
cpu1.C1E-HSW.time: 6730013
cpu1.C1E-HSW.usage: 59995
cpu1.C3-HSW.time: 13794436
cpu1.C3-HSW.usage: 27114
cpu1.C6-HSW.time: 5200845
cpu1.C6-HSW.usage: 5930
cpu1.C7s-HSW.time: 28453994
cpu1.C7s-HSW.usage: 26787
cpu1.C8-HSW.time: 16347461
cpu1.C8-HSW.usage: 8220
cpu1.C9-HSW.time: 35305879
cpu1.C9-HSW.usage: 10488
cpu1.C10-HSW.time: 16778557
cpu1.C10-HSW.usage: 2448
cpu2.POLL.time: 373893
cpu2.POLL.usage: 844
cpu2.C1-HSW.time: 14340882
cpu2.C1-HSW.usage: 310189
cpu2.C1E-HSW.time: 6750673
cpu2.C1E-HSW.usage: 55471
cpu2.C3-HSW.time: 13628546
cpu2.C3-HSW.usage: 25160
cpu2.C6-HSW.time: 4616918
cpu2.C6-HSW.usage: 5054
cpu2.C7s-HSW.time: 13120875
cpu2.C7s-HSW.usage: 10719
cpu2.C8-HSW.time: 19061611
cpu2.C8-HSW.usage: 9053
cpu2.C9-HSW.time: 47075997
cpu2.C9-HSW.usage: 14128
cpu2.C10-HSW.time: 17236589
cpu2.C10-HSW.usage: 2662
cpu3.POLL.time: 110509
cpu3.POLL.usage: 797
cpu3.C1-HSW.time: 15452515
cpu3.C1-HSW.usage: 300173
cpu3.C1E-HSW.time: 5634164
cpu3.C1E-HSW.usage: 47195
cpu3.C3-HSW.time: 10626487
cpu3.C3-HSW.usage: 20838
cpu3.C6-HSW.time: 4610065
cpu3.C6-HSW.usage: 4878
cpu3.C7s-HSW.time: 16092298
cpu3.C7s-HSW.usage: 12112
cpu3.C8-HSW.time: 15228334
cpu3.C8-HSW.usage: 6886
cpu3.C9-HSW.time: 40032246
cpu3.C9-HSW.usage: 10844
cpu3.C10-HSW.time: 31526632
cpu3.C10-HSW.usage: 3641
time: 1479973653.451271228
cpu0.POLL.time: 102118
cpu0.POLL.usage: 680
cpu0.C1-HSW.time: 15981707
cpu0.C1-HSW.usage: 198316
cpu0.C1E-HSW.time: 7451269
cpu0.C1E-HSW.usage: 68525
cpu0.C3-HSW.time: 14233477
cpu0.C3-HSW.usage: 28034
cpu0.C6-HSW.time: 5350706
cpu0.C6-HSW.usage: 6225
cpu0.C7s-HSW.time: 25427805
cpu0.C7s-HSW.usage: 21793
cpu0.C8-HSW.time: 17801451
cpu0.C8-HSW.usage: 9354
cpu0.C9-HSW.time: 41077574
cpu0.C9-HSW.usage: 12082
cpu0.C10-HSW.time: 24244664
cpu0.C10-HSW.usage: 2911
cpu1.POLL.time: 85228
cpu1.POLL.usage: 582
cpu1.C1-HSW.time: 15534327
cpu1.C1-HSW.usage: 185597
cpu1.C1E-HSW.time: 6771799
cpu1.C1E-HSW.usage: 60299
cpu1.C3-HSW.time: 14097359
cpu1.C3-HSW.usage: 27793
cpu1.C6-HSW.time: 5354206
cpu1.C6-HSW.usage: 6136
cpu1.C7s-HSW.time: 31257023
cpu1.C7s-HSW.usage: 28351
cpu1.C8-HSW.time: 17168265
cpu1.C8-HSW.usage: 8640
cpu1.C9-HSW.time: 37503066
cpu1.C9-HSW.usage: 11009
cpu1.C10-HSW.time: 21243238
cpu1.C10-HSW.usage: 2655
cpu2.POLL.time: 381824
cpu2.POLL.usage: 847
cpu2.C1-HSW.time: 14355796
cpu2.C1-HSW.usage: 310333
cpu2.C1E-HSW.time: 6780134
cpu2.C1E-HSW.usage: 55769
cpu2.C3-HSW.time: 13960415
cpu2.C3-HSW.usage: 25766
cpu2.C6-HSW.time: 4762131
cpu2.C6-HSW.usage: 5245
cpu2.C7s-HSW.time: 14956844
cpu2.C7s-HSW.usage: 12300
cpu2.C8-HSW.time: 19894103
cpu2.C8-HSW.usage: 9444
cpu2.C9-HSW.time: 49099806
cpu2.C9-HSW.usage: 14682
cpu2.C10-HSW.time: 23023678
cpu2.C10-HSW.usage: 2885
cpu3.POLL.time: 110514
cpu3.POLL.usage: 798
cpu3.C1-HSW.time: 15463964
cpu3.C1-HSW.usage: 300279
cpu3.C1E-HSW.time: 5653802
cpu3.C1E-HSW.usage: 47381
cpu3.C3-HSW.time: 10783296
cpu3.C3-HSW.usage: 21278
cpu3.C6-HSW.time: 4676914
cpu3.C6-HSW.usage: 4998
cpu3.C7s-HSW.time: 17862292
cpu3.C7s-HSW.usage: 13246
cpu3.C8-HSW.time: 15868883
cpu3.C8-HSW.usage: 7108
cpu3.C9-HSW.time: 42943714
cpu3.C9-HSW.usage: 11553
cpu3.C10-HSW.time: 36807896
cpu3.C10-HSW.usage: 3880
