time: 1479890268.195977586
cpu0.POLL.time: 314592
cpu0.POLL.usage: 721
cpu0.C1-HSW.time: 9935084
cpu0.C1-HSW.usage: 139256
cpu0.C1E-HSW.time: 8806266
cpu0.C1E-HSW.usage: 59028
cpu0.C3-HSW.time: 21491115
cpu0.C3-HSW.usage: 65892
cpu0.C6-HSW.time: 11300608
cpu0.C6-HSW.usage: 19253
cpu0.C7s-HSW.time: 222313155
cpu0.C7s-HSW.usage: 198823
cpu0.C8-HSW.time: 35332447
cpu0.C8-HSW.usage: 18662
cpu0.C9-HSW.time: 375009788
cpu0.C9-HSW.usage: 60018
cpu0.C10-HSW.time: 368060638
cpu0.C10-HSW.usage: 38781
cpu1.POLL.time: 217915
cpu1.POLL.usage: 700
cpu1.C1-HSW.time: 6416318
cpu1.C1-HSW.usage: 96021
cpu1.C1E-HSW.time: 7297006
cpu1.C1E-HSW.usage: 55245
cpu1.C3-HSW.time: 21734159
cpu1.C3-HSW.usage: 68963
cpu1.C6-HSW.time: 11489873
cpu1.C6-HSW.usage: 20110
cpu1.C7s-HSW.time: 236045978
cpu1.C7s-HSW.usage: 207762
cpu1.C8-HSW.time: 33620082
cpu1.C8-HSW.usage: 16953
cpu1.C9-HSW.time: 353383196
cpu1.C9-HSW.usage: 55423
cpu1.C10-HSW.time: 385560089
cpu1.C10-HSW.usage: 39762
cpu2.POLL.time: 1610072
cpu2.POLL.usage: 790
cpu2.C1-HSW.time: 6499716
cpu2.C1-HSW.usage: 153270
cpu2.C1E-HSW.time: 12179922
cpu2.C1E-HSW.usage: 61654
cpu2.C3-HSW.time: 15704338
cpu2.C3-HSW.usage: 38912
cpu2.C6-HSW.time: 6838924
cpu2.C6-HSW.usage: 9459
cpu2.C7s-HSW.time: 53190137
cpu2.C7s-HSW.usage: 44605
cpu2.C8-HSW.time: 32061229
cpu2.C8-HSW.usage: 15012
cpu2.C9-HSW.time: 349225649
cpu2.C9-HSW.usage: 51526
cpu2.C10-HSW.time: 577506915
cpu2.C10-HSW.usage: 51029
cpu3.POLL.time: 406895
cpu3.POLL.usage: 570
cpu3.C1-HSW.time: 7106288
cpu3.C1-HSW.usage: 148175
cpu3.C1E-HSW.time: 7181678
cpu3.C1E-HSW.usage: 43474
cpu3.C3-HSW.time: 11080890
cpu3.C3-HSW.usage: 36034
cpu3.C6-HSW.time: 5346993
cpu3.C6-HSW.usage: 7623
cpu3.C7s-HSW.time: 47513540
cpu3.C7s-HSW.usage: 38084
cpu3.C8-HSW.time: 23140572
cpu3.C8-HSW.usage: 10825
cpu3.C9-HSW.time: 340992712
cpu3.C9-HSW.usage: 49746
cpu3.C10-HSW.time: 625361059
cpu3.C10-HSW.usage: 53449
time: 1479890294.176695076
cpu0.POLL.time: 314592
cpu0.POLL.usage: 721
cpu0.C1-HSW.time: 9937842
cpu0.C1-HSW.usage: 139298
cpu0.C1E-HSW.time: 8810654
cpu0.C1E-HSW.usage: 59075
cpu0.C3-HSW.time: 21529893
cpu0.C3-HSW.usage: 65975
cpu0.C6-HSW.time: 11317440
cpu0.C6-HSW.usage: 19274
cpu0.C7s-HSW.time: 222469320
cpu0.C7s-HSW.usage: 198966
cpu0.C8-HSW.time: 35360303
cpu0.C8-HSW.usage: 18674
cpu0.C9-HSW.time: 375186748
cpu0.C9-HSW.usage: 60046
cpu0.C10-HSW.time: 368590783
cpu0.C10-HSW.usage: 38814
cpu1.POLL.time: 217915
cpu1.POLL.usage: 700
cpu1.C1-HSW.time: 6417456
cpu1.C1-HSW.usage: 96048
cpu1.C1E-HSW.time: 7301920
cpu1.C1E-HSW.usage: 55271
cpu1.C3-HSW.time: 21755959
cpu1.C3-HSW.usage: 69035
cpu1.C6-HSW.time: 11503513
cpu1.C6-HSW.usage: 20136
cpu1.C7s-HSW.time: 236103220
cpu1.C7s-HSW.usage: 207830
cpu1.C8-HSW.time: 33648212
cpu1.C8-HSW.usage: 16968
cpu1.C9-HSW.time: 353770318
cpu1.C9-HSW.usage: 55496
cpu1.C10-HSW.time: 386002830
cpu1.C10-HSW.usage: 39803
cpu2.POLL.time: 1610072
cpu2.POLL.usage: 790
cpu2.C1-HSW.time: 6502047
cpu2.C1-HSW.usage: 153305
cpu2.C1E-HSW.time: 12186210
cpu2.C1E-HSW.usage: 61708
cpu2.C3-HSW.time: 15722399
cpu2.C3-HSW.usage: 38983
cpu2.C6-HSW.time: 6847928
cpu2.C6-HSW.usage: 9478
cpu2.C7s-HSW.time: 53408484
cpu2.C7s-HSW.usage: 44814
cpu2.C8-HSW.time: 32073323
cpu2.C8-HSW.usage: 15021
cpu2.C9-HSW.time: 349593045
cpu2.C9-HSW.usage: 51574
cpu2.C10-HSW.time: 577838142
cpu2.C10-HSW.usage: 51068
cpu3.POLL.time: 406895
cpu3.POLL.usage: 570
cpu3.C1-HSW.time: 7107479
cpu3.C1-HSW.usage: 148191
cpu3.C1E-HSW.time: 7185172
cpu3.C1E-HSW.usage: 43507
cpu3.C3-HSW.time: 11094997
cpu3.C3-HSW.usage: 36085
cpu3.C6-HSW.time: 5356532
cpu3.C6-HSW.usage: 7640
cpu3.C7s-HSW.time: 47587108
cpu3.C7s-HSW.usage: 38127
cpu3.C8-HSW.time: 23148966
cpu3.C8-HSW.usage: 10826
cpu3.C9-HSW.time: 341296045
cpu3.C9-HSW.usage: 49797
cpu3.C10-HSW.time: 625908581
cpu3.C10-HSW.usage: 53493
