time: 1481101144.129571648
cpu0.POLL.time: 833834
cpu0.POLL.usage: 778
cpu0.C1-SKL.time: 8510748
cpu0.C1-SKL.usage: 72013
cpu0.C1E-SKL.time: 47799878
cpu0.C1E-SKL.usage: 190469
cpu0.C3-SKL.time: 20333243
cpu0.C3-SKL.usage: 67727
cpu0.C6-SKL.time: 313485621
cpu0.C6-SKL.usage: 424902
cpu0.C7s-SKL.time: 10184521
cpu0.C7s-SKL.usage: 4449
cpu0.C8-SKL.time: 780253981
cpu0.C8-SKL.usage: 294294
cpu0.C9-SKL.time: 5768394
cpu0.C9-SKL.usage: 1561
cpu0.C10-SKL.time: 1404317413
cpu0.C10-SKL.usage: 126704
cpu1.POLL.time: 707340
cpu1.POLL.usage: 751
cpu1.C1-SKL.time: 7688460
cpu1.C1-SKL.usage: 60458
cpu1.C1E-SKL.time: 41907209
cpu1.C1E-SKL.usage: 146276
cpu1.C3-SKL.time: 20537985
cpu1.C3-SKL.usage: 67094
cpu1.C6-SKL.time: 321824468
cpu1.C6-SKL.usage: 432562
cpu1.C7s-SKL.time: 10703970
cpu1.C7s-SKL.usage: 4491
cpu1.C8-SKL.time: 750070456
cpu1.C8-SKL.usage: 282860
cpu1.C9-SKL.time: 7008670
cpu1.C9-SKL.usage: 1662
cpu1.C10-SKL.time: 1447611846
cpu1.C10-SKL.usage: 127918
cpu2.POLL.time: 1409802
cpu2.POLL.usage: 669
cpu2.C1-SKL.time: 13604674
cpu2.C1-SKL.usage: 83794
cpu2.C1E-SKL.time: 53850930
cpu2.C1E-SKL.usage: 211328
cpu2.C3-SKL.time: 24402904
cpu2.C3-SKL.usage: 66242
cpu2.C6-SKL.time: 265946620
cpu2.C6-SKL.usage: 365527
cpu2.C7s-SKL.time: 16294541
cpu2.C7s-SKL.usage: 7578
cpu2.C8-SKL.time: 858028343
cpu2.C8-SKL.usage: 326140
cpu2.C9-SKL.time: 8148705
cpu2.C9-SKL.usage: 2404
cpu2.C10-SKL.time: 1367818759
cpu2.C10-SKL.usage: 125543
cpu3.POLL.time: 549046
cpu3.POLL.usage: 501
cpu3.C1-SKL.time: 8351671
cpu3.C1-SKL.usage: 62749
cpu3.C1E-SKL.time: 37972137
cpu3.C1E-SKL.usage: 159863
cpu3.C3-SKL.time: 14203579
cpu3.C3-SKL.usage: 46543
cpu3.C6-SKL.time: 221894398
cpu3.C6-SKL.usage: 285360
cpu3.C7s-SKL.time: 6853170
cpu3.C7s-SKL.usage: 2781
cpu3.C8-SKL.time: 716764726
cpu3.C8-SKL.usage: 252761
cpu3.C9-SKL.time: 5082212
cpu3.C9-SKL.usage: 1108
cpu3.C10-SKL.time: 1643870720
cpu3.C10-SKL.usage: 141055
time: 1481101145.248783626
cpu0.POLL.time: 833834
cpu0.POLL.usage: 778
cpu0.C1-SKL.time: 8513130
cpu0.C1-SKL.usage: 72068
cpu0.C1E-SKL.time: 47807739
cpu0.C1E-SKL.usage: 190505
cpu0.C3-SKL.time: 20344576
cpu0.C3-SKL.usage: 67770
cpu0.C6-SKL.time: 313599966
cpu0.C6-SKL.usage: 425096
cpu0.C7s-SKL.time: 10184521
cpu0.C7s-SKL.usage: 4449
cpu0.C8-SKL.time: 780705520
cpu0.C8-SKL.usage: 294436
cpu0.C9-SKL.time: 5768762
cpu0.C9-SKL.usage: 1562
cpu0.C10-SKL.time: 1404752436
cpu0.C10-SKL.usage: 126771
cpu1.POLL.time: 707340
cpu1.POLL.usage: 751
cpu1.C1-SKL.time: 7690994
cpu1.C1-SKL.usage: 60477
cpu1.C1E-SKL.time: 41919681
cpu1.C1E-SKL.usage: 146340
cpu1.C3-SKL.time: 20546943
cpu1.C3-SKL.usage: 67142
cpu1.C6-SKL.time: 322077434
cpu1.C6-SKL.usage: 432958
cpu1.C7s-SKL.time: 10705983
cpu1.C7s-SKL.usage: 4492
cpu1.C8-SKL.time: 750572537
cpu1.C8-SKL.usage: 283014
cpu1.C9-SKL.time: 7013746
cpu1.C9-SKL.usage: 1663
cpu1.C10-SKL.time: 1447853786
cpu1.C10-SKL.usage: 127970
cpu2.POLL.time: 1409802
cpu2.POLL.usage: 669
cpu2.C1-SKL.time: 13609923
cpu2.C1-SKL.usage: 83809
cpu2.C1E-SKL.time: 53857853
cpu2.C1E-SKL.usage: 211368
cpu2.C3-SKL.time: 24412627
cpu2.C3-SKL.usage: 66275
cpu2.C6-SKL.time: 266113238
cpu2.C6-SKL.usage: 365765
cpu2.C7s-SKL.time: 16294541
cpu2.C7s-SKL.usage: 7578
cpu2.C8-SKL.time: 858540107
cpu2.C8-SKL.usage: 326287
cpu2.C9-SKL.time: 8148705
cpu2.C9-SKL.usage: 2404
cpu2.C10-SKL.time: 1368129428
cpu2.C10-SKL.usage: 125598
cpu3.POLL.time: 549046
cpu3.POLL.usage: 501
cpu3.C1-SKL.time: 8353426
cpu3.C1-SKL.usage: 62766
cpu3.C1E-SKL.time: 37983075
cpu3.C1E-SKL.usage: 159916
cpu3.C3-SKL.time: 14210394
cpu3.C3-SKL.usage: 46579
cpu3.C6-SKL.time: 222137663
cpu3.C6-SKL.usage: 285668
cpu3.C7s-SKL.time: 6858085
cpu3.C7s-SKL.usage: 2782
cpu3.C8-SKL.time: 717107923
cpu3.C8-SKL.usage: 252906
cpu3.C9-SKL.time: 5082212
cpu3.C9-SKL.usage: 1108
cpu3.C10-SKL.time: 1644215742
cpu3.C10-SKL.usage: 141105
