time: 1480659975.328504020
cpu0.POLL.time: 3399904
cpu0.POLL.usage: 1780
cpu0.C1-SKL.time: 10957670
cpu0.C1-SKL.usage: 81832
cpu0.C1E-SKL.time: 89271292
cpu0.C1E-SKL.usage: 255872
cpu0.C3-SKL.time: 76393351
cpu0.C3-SKL.usage: 192114
cpu0.C6-SKL.time: 927472824
cpu0.C6-SKL.usage: 1288654
cpu0.C7s-SKL.time: 60337171
cpu0.C7s-SKL.usage: 26411
cpu0.C8-SKL.time: 3060320498
cpu0.C8-SKL.usage: 996325
cpu0.C9-SKL.time: 34504741
cpu0.C9-SKL.usage: 10221
cpu0.C10-SKL.time: 4803597394
cpu0.C10-SKL.usage: 526854
cpu1.POLL.time: 1563638
cpu1.POLL.usage: 1121
cpu1.C1-SKL.time: 8758395
cpu1.C1-SKL.usage: 45722
cpu1.C1E-SKL.time: 40646199
cpu1.C1E-SKL.usage: 121538
cpu1.C3-SKL.time: 51048961
cpu1.C3-SKL.usage: 122267
cpu1.C6-SKL.time: 760751979
cpu1.C6-SKL.usage: 970017
cpu1.C7s-SKL.time: 33710074
cpu1.C7s-SKL.usage: 12943
cpu1.C8-SKL.time: 2140570613
cpu1.C8-SKL.usage: 649088
cpu1.C9-SKL.time: 27321889
cpu1.C9-SKL.usage: 7206
cpu1.C10-SKL.time: 6120950830
cpu1.C10-SKL.usage: 627955
cpu2.POLL.time: 2004708
cpu2.POLL.usage: 709
cpu2.C1-SKL.time: 10344879
cpu2.C1-SKL.usage: 52458
cpu2.C1E-SKL.time: 32010789
cpu2.C1E-SKL.usage: 89199
cpu2.C3-SKL.time: 30455181
cpu2.C3-SKL.usage: 70529
cpu2.C6-SKL.time: 442539171
cpu2.C6-SKL.usage: 542287
cpu2.C7s-SKL.time: 31281838
cpu2.C7s-SKL.usage: 12204
cpu2.C8-SKL.time: 1684574558
cpu2.C8-SKL.usage: 458009
cpu2.C9-SKL.time: 26331093
cpu2.C9-SKL.usage: 6870
cpu2.C10-SKL.time: 7042516575
cpu2.C10-SKL.usage: 664202
cpu3.POLL.time: 2126048
cpu3.POLL.usage: 544
cpu3.C1-SKL.time: 5792514
cpu3.C1-SKL.usage: 36354
cpu3.C1E-SKL.time: 19836735
cpu3.C1E-SKL.usage: 61067
cpu3.C3-SKL.time: 16015023
cpu3.C3-SKL.usage: 56156
cpu3.C6-SKL.time: 448215535
cpu3.C6-SKL.usage: 536446
cpu3.C7s-SKL.time: 10329306
cpu3.C7s-SKL.usage: 3707
cpu3.C8-SKL.time: 1614933812
cpu3.C8-SKL.usage: 457699
cpu3.C9-SKL.time: 12710531
cpu3.C9-SKL.usage: 2789
cpu3.C10-SKL.time: 7183675301
cpu3.C10-SKL.usage: 666521
time: 1480659986.863798279
cpu0.POLL.time: 3409896
cpu0.POLL.usage: 1784
cpu0.C1-SKL.time: 10995687
cpu0.C1-SKL.usage: 81988
cpu0.C1E-SKL.time: 89441133
cpu0.C1E-SKL.usage: 256420
cpu0.C3-SKL.time: 76512917
cpu0.C3-SKL.usage: 192521
cpu0.C6-SKL.time: 929532765
cpu0.C6-SKL.usage: 1291631
cpu0.C7s-SKL.time: 60488754
cpu0.C7s-SKL.usage: 26467
cpu0.C8-SKL.time: 3065668409
cpu0.C8-SKL.usage: 997901
cpu0.C9-SKL.time: 34577925
cpu0.C9-SKL.usage: 10247
cpu0.C10-SKL.time: 4806079520
cpu0.C10-SKL.usage: 527430
cpu1.POLL.time: 1563678
cpu1.POLL.usage: 1122
cpu1.C1-SKL.time: 8760978
cpu1.C1-SKL.usage: 45752
cpu1.C1E-SKL.time: 40713029
cpu1.C1E-SKL.usage: 121783
cpu1.C3-SKL.time: 51137592
cpu1.C3-SKL.usage: 122530
cpu1.C6-SKL.time: 762388138
cpu1.C6-SKL.usage: 972229
cpu1.C7s-SKL.time: 33780925
cpu1.C7s-SKL.usage: 12968
cpu1.C8-SKL.time: 2145349521
cpu1.C8-SKL.usage: 650408
cpu1.C9-SKL.time: 27353589
cpu1.C9-SKL.usage: 7217
cpu1.C10-SKL.time: 6124963880
cpu1.C10-SKL.usage: 628705
cpu2.POLL.time: 2004718
cpu2.POLL.usage: 710
cpu2.C1-SKL.time: 10345549
cpu2.C1-SKL.usage: 52480
cpu2.C1E-SKL.time: 32058204
cpu2.C1E-SKL.usage: 89364
cpu2.C3-SKL.time: 30510032
cpu2.C3-SKL.usage: 70701
cpu2.C6-SKL.time: 443642857
cpu2.C6-SKL.usage: 543786
cpu2.C7s-SKL.time: 31289754
cpu2.C7s-SKL.usage: 12210
cpu2.C8-SKL.time: 1688585583
cpu2.C8-SKL.usage: 459076
cpu2.C9-SKL.time: 26398068
cpu2.C9-SKL.usage: 6887
cpu2.C10-SKL.time: 7047943571
cpu2.C10-SKL.usage: 665034
cpu3.POLL.time: 2126048
cpu3.POLL.usage: 544
cpu3.C1-SKL.time: 5834926
cpu3.C1-SKL.usage: 36457
cpu3.C1E-SKL.time: 19855364
cpu3.C1E-SKL.usage: 61169
cpu3.C3-SKL.time: 16064842
cpu3.C3-SKL.usage: 56334
cpu3.C6-SKL.time: 449342905
cpu3.C6-SKL.usage: 537999
cpu3.C7s-SKL.time: 10329876
cpu3.C7s-SKL.usage: 3708
cpu3.C8-SKL.time: 1618523780
cpu3.C8-SKL.usage: 458665
cpu3.C9-SKL.time: 12733595
cpu3.C9-SKL.usage: 2795
cpu3.C10-SKL.time: 7189731317
cpu3.C10-SKL.usage: 667343
