time: 1480668941.362910640
cpu0.POLL.time: 193919
cpu0.POLL.usage: 229
cpu0.C1-SKL.time: 2905350
cpu0.C1-SKL.usage: 19581
cpu0.C1E-SKL.time: 18325405
cpu0.C1E-SKL.usage: 52096
cpu0.C3-SKL.time: 6742506
cpu0.C3-SKL.usage: 17030
cpu0.C6-SKL.time: 83837803
cpu0.C6-SKL.usage: 110779
cpu0.C7s-SKL.time: 6002302
cpu0.C7s-SKL.usage: 2313
cpu0.C8-SKL.time: 244413870
cpu0.C8-SKL.usage: 84638
cpu0.C9-SKL.time: 3342333
cpu0.C9-SKL.usage: 845
cpu0.C10-SKL.time: 127820592
cpu0.C10-SKL.usage: 24698
cpu1.POLL.time: 723437
cpu1.POLL.usage: 272
cpu1.C1-SKL.time: 2066903
cpu1.C1-SKL.usage: 18170
cpu1.C1E-SKL.time: 17594943
cpu1.C1E-SKL.usage: 45624
cpu1.C3-SKL.time: 7446878
cpu1.C3-SKL.usage: 18420
cpu1.C6-SKL.time: 85736424
cpu1.C6-SKL.usage: 113515
cpu1.C7s-SKL.time: 6185653
cpu1.C7s-SKL.usage: 2366
cpu1.C8-SKL.time: 241939524
cpu1.C8-SKL.usage: 84837
cpu1.C9-SKL.time: 4782129
cpu1.C9-SKL.usage: 1060
cpu1.C10-SKL.time: 145171520
cpu1.C10-SKL.usage: 26572
cpu2.POLL.time: 407686
cpu2.POLL.usage: 219
cpu2.C1-SKL.time: 2307937
cpu2.C1-SKL.usage: 19340
cpu2.C1E-SKL.time: 16705576
cpu2.C1E-SKL.usage: 48765
cpu2.C3-SKL.time: 7453192
cpu2.C3-SKL.usage: 16957
cpu2.C6-SKL.time: 60677115
cpu2.C6-SKL.usage: 80757
cpu2.C7s-SKL.time: 8847865
cpu2.C7s-SKL.usage: 3653
cpu2.C8-SKL.time: 295901806
cpu2.C8-SKL.usage: 105351
cpu2.C9-SKL.time: 4863844
cpu2.C9-SKL.usage: 1251
cpu2.C10-SKL.time: 111389958
cpu2.C10-SKL.usage: 23552
cpu3.POLL.time: 148167
cpu3.POLL.usage: 189
cpu3.C1-SKL.time: 2232165
cpu3.C1-SKL.usage: 17480
cpu3.C1E-SKL.time: 14279781
cpu3.C1E-SKL.usage: 44008
cpu3.C3-SKL.time: 4989394
cpu3.C3-SKL.usage: 11802
cpu3.C6-SKL.time: 53839529
cpu3.C6-SKL.usage: 68119
cpu3.C7s-SKL.time: 4772422
cpu3.C7s-SKL.usage: 1650
cpu3.C8-SKL.time: 230937745
cpu3.C8-SKL.usage: 71541
cpu3.C9-SKL.time: 4696435
cpu3.C9-SKL.usage: 859
cpu3.C10-SKL.time: 203236059
cpu3.C10-SKL.usage: 33840
time: 1480668952.928597694
cpu0.POLL.time: 195919
cpu0.POLL.usage: 234
cpu0.C1-SKL.time: 2985898
cpu0.C1-SKL.usage: 22585
cpu0.C1E-SKL.time: 18707024
cpu0.C1E-SKL.usage: 52960
cpu0.C3-SKL.time: 6908840
cpu0.C3-SKL.usage: 17323
cpu0.C6-SKL.time: 85037647
cpu0.C6-SKL.usage: 112423
cpu0.C7s-SKL.time: 6357450
cpu0.C7s-SKL.usage: 2466
cpu0.C8-SKL.time: 248529331
cpu0.C8-SKL.usage: 85955
cpu0.C9-SKL.time: 3475733
cpu0.C9-SKL.usage: 879
cpu0.C10-SKL.time: 130761407
cpu0.C10-SKL.usage: 25213
cpu1.POLL.time: 724212
cpu1.POLL.usage: 280
cpu1.C1-SKL.time: 2147007
cpu1.C1-SKL.usage: 21134
cpu1.C1E-SKL.time: 17922515
cpu1.C1E-SKL.usage: 46377
cpu1.C3-SKL.time: 7567082
cpu1.C3-SKL.usage: 18677
cpu1.C6-SKL.time: 86975648
cpu1.C6-SKL.usage: 115168
cpu1.C7s-SKL.time: 6428813
cpu1.C7s-SKL.usage: 2446
cpu1.C8-SKL.time: 245907598
cpu1.C8-SKL.usage: 86065
cpu1.C9-SKL.time: 4994927
cpu1.C9-SKL.usage: 1106
cpu1.C10-SKL.time: 148458623
cpu1.C10-SKL.usage: 27093
cpu2.POLL.time: 408182
cpu2.POLL.usage: 224
cpu2.C1-SKL.time: 2347464
cpu2.C1-SKL.usage: 22029
cpu2.C1E-SKL.time: 16975529
cpu2.C1E-SKL.usage: 49306
cpu2.C3-SKL.time: 7650580
cpu2.C3-SKL.usage: 17259
cpu2.C6-SKL.time: 61690251
cpu2.C6-SKL.usage: 82047
cpu2.C7s-SKL.time: 9240010
cpu2.C7s-SKL.usage: 3832
cpu2.C8-SKL.time: 301940493
cpu2.C8-SKL.usage: 107411
cpu2.C9-SKL.time: 4997655
cpu2.C9-SKL.usage: 1291
cpu2.C10-SKL.time: 112393526
cpu2.C10-SKL.usage: 23844
cpu3.POLL.time: 148445
cpu3.POLL.usage: 192
cpu3.C1-SKL.time: 2306536
cpu3.C1-SKL.usage: 20146
cpu3.C1E-SKL.time: 14545227
cpu3.C1E-SKL.usage: 44600
cpu3.C3-SKL.time: 5085123
cpu3.C3-SKL.usage: 11990
cpu3.C6-SKL.time: 54720969
cpu3.C6-SKL.usage: 69230
cpu3.C7s-SKL.time: 5107481
cpu3.C7s-SKL.usage: 1772
cpu3.C8-SKL.time: 234483824
cpu3.C8-SKL.usage: 72601
cpu3.C9-SKL.time: 5056332
cpu3.C9-SKL.usage: 933
cpu3.C10-SKL.time: 207184628
cpu3.C10-SKL.usage: 34372
