time: 1479981612.244839447
cpu0.POLL.time: 172725
cpu0.POLL.usage: 1190
cpu0.C1-SKL.time: 32851290
cpu0.C1-SKL.usage: 3220115
cpu0.C1E-SKL.time: 9423672
cpu0.C1E-SKL.usage: 63419
cpu0.C3-SKL.time: 4041036
cpu0.C3-SKL.usage: 46382
cpu0.C6-SKL.time: 17412116
cpu0.C6-SKL.usage: 59586
cpu0.C7s-SKL.time: 3612818
cpu0.C7s-SKL.usage: 1323
cpu0.C8-SKL.time: 71456105
cpu0.C8-SKL.usage: 26122
cpu0.C10-SKL.time: 95696170
cpu0.C10-SKL.usage: 9746
cpu1.POLL.time: 51903
cpu1.POLL.usage: 1088
cpu1.C1-SKL.time: 32587921
cpu1.C1-SKL.usage: 3244912
cpu1.C1E-SKL.time: 6705160
cpu1.C1E-SKL.usage: 60185
cpu1.C3-SKL.time: 3792034
cpu1.C3-SKL.usage: 45278
cpu1.C6-SKL.time: 12253952
cpu1.C6-SKL.usage: 52188
cpu1.C7s-SKL.time: 3010665
cpu1.C7s-SKL.usage: 1164
cpu1.C8-SKL.time: 63213192
cpu1.C8-SKL.usage: 20469
cpu1.C10-SKL.time: 117928694
cpu1.C10-SKL.usage: 9748
cpu2.POLL.time: 232612
cpu2.POLL.usage: 1272
cpu2.C1-SKL.time: 37182037
cpu2.C1-SKL.usage: 3520701
cpu2.C1E-SKL.time: 9646944
cpu2.C1E-SKL.usage: 62966
cpu2.C3-SKL.time: 4177971
cpu2.C3-SKL.usage: 48700
cpu2.C6-SKL.time: 13841870
cpu2.C6-SKL.usage: 64216
cpu2.C7s-SKL.time: 2828736
cpu2.C7s-SKL.usage: 1112
cpu2.C8-SKL.time: 63820878
cpu2.C8-SKL.usage: 21684
cpu2.C10-SKL.time: 112748909
cpu2.C10-SKL.usage: 8439
cpu3.POLL.time: 105221
cpu3.POLL.usage: 1043
cpu3.C1-SKL.time: 36098360
cpu3.C1-SKL.usage: 3377483
cpu3.C1E-SKL.time: 7118497
cpu3.C1E-SKL.usage: 63992
cpu3.C3-SKL.time: 4329533
cpu3.C3-SKL.usage: 45908
cpu3.C6-SKL.time: 12319931
cpu3.C6-SKL.usage: 62725
cpu3.C7s-SKL.time: 2292197
cpu3.C7s-SKL.usage: 947
cpu3.C8-SKL.time: 62064133
cpu3.C8-SKL.usage: 19356
cpu3.C10-SKL.time: 120379638
cpu3.C10-SKL.usage: 10250
time: 1479982246.265880203
cpu0.POLL.time: 176513
cpu0.POLL.usage: 1681
cpu0.C1-SKL.time: 49529735
cpu0.C1-SKL.usage: 5102263
cpu0.C1E-SKL.time: 10982752
cpu0.C1E-SKL.usage: 93988
cpu0.C3-SKL.time: 5532520
cpu0.C3-SKL.usage: 68526
cpu0.C6-SKL.time: 19153502
cpu0.C6-SKL.usage: 82998
cpu0.C7s-SKL.time: 3612955
cpu0.C7s-SKL.usage: 1325
cpu0.C8-SKL.time: 71688898
cpu0.C8-SKL.usage: 26598
cpu0.C10-SKL.time: 96455581
cpu0.C10-SKL.usage: 9799
cpu1.POLL.time: 54182
cpu1.POLL.usage: 1436
cpu1.C1-SKL.time: 49119964
cpu1.C1-SKL.usage: 5119617
cpu1.C1E-SKL.time: 8457195
cpu1.C1E-SKL.usage: 94125
cpu1.C3-SKL.time: 5454171
cpu1.C3-SKL.usage: 69618
cpu1.C6-SKL.time: 13598936
cpu1.C6-SKL.usage: 69505
cpu1.C7s-SKL.time: 3010665
cpu1.C7s-SKL.usage: 1164
cpu1.C8-SKL.time: 63419493
cpu1.C8-SKL.usage: 20649
cpu1.C10-SKL.time: 118582394
cpu1.C10-SKL.usage: 9796
cpu2.POLL.time: 235005
cpu2.POLL.usage: 1707
cpu2.C1-SKL.time: 55667166
cpu2.C1-SKL.usage: 5572406
cpu2.C1E-SKL.time: 11188596
cpu2.C1E-SKL.usage: 93195
cpu2.C3-SKL.time: 5814442
cpu2.C3-SKL.usage: 72042
cpu2.C6-SKL.time: 16115953
cpu2.C6-SKL.usage: 94675
cpu2.C7s-SKL.time: 2835474
cpu2.C7s-SKL.usage: 1116
cpu2.C8-SKL.time: 64066335
cpu2.C8-SKL.usage: 22624
cpu2.C10-SKL.time: 113571294
cpu2.C10-SKL.usage: 8482
cpu3.POLL.time: 107620
cpu3.POLL.usage: 1492
cpu3.C1-SKL.time: 54305224
cpu3.C1-SKL.usage: 5403493
cpu3.C1E-SKL.time: 8710876
cpu3.C1E-SKL.usage: 95744
cpu3.C3-SKL.time: 6156552
cpu3.C3-SKL.usage: 72425
cpu3.C6-SKL.time: 14210593
cpu3.C6-SKL.usage: 88003
cpu3.C7s-SKL.time: 2292362
cpu3.C7s-SKL.usage: 949
cpu3.C8-SKL.time: 62457997
cpu3.C8-SKL.usage: 19686
cpu3.C10-SKL.time: 120996232
cpu3.C10-SKL.usage: 10284
