time: 1480933001.802082174
cpu0.POLL.time: 599047
cpu0.POLL.usage: 642
cpu0.C1-SKL.time: 7411283
cpu0.C1-SKL.usage: 67802
cpu0.C1E-SKL.time: 52900078
cpu0.C1E-SKL.usage: 163366
cpu0.C3-SKL.time: 18630009
cpu0.C3-SKL.usage: 53753
cpu0.C6-SKL.time: 256867283
cpu0.C6-SKL.usage: 348000
cpu0.C7s-SKL.time: 11376855
cpu0.C7s-SKL.usage: 4571
cpu0.C8-SKL.time: 664931432
cpu0.C8-SKL.usage: 246717
cpu0.C9-SKL.time: 7551309
cpu0.C9-SKL.usage: 1734
cpu0.C10-SKL.time: 915028489
cpu0.C10-SKL.usage: 125894
cpu1.POLL.time: 505523
cpu1.POLL.usage: 610
cpu1.C1-SKL.time: 6098553
cpu1.C1-SKL.usage: 62122
cpu1.C1E-SKL.time: 47902382
cpu1.C1E-SKL.usage: 138335
cpu1.C3-SKL.time: 20631921
cpu1.C3-SKL.usage: 54730
cpu1.C6-SKL.time: 245706508
cpu1.C6-SKL.usage: 329469
cpu1.C7s-SKL.time: 12685763
cpu1.C7s-SKL.usage: 5167
cpu1.C8-SKL.time: 642270007
cpu1.C8-SKL.usage: 238730
cpu1.C9-SKL.time: 9456764
cpu1.C9-SKL.usage: 2281
cpu1.C10-SKL.time: 973556464
cpu1.C10-SKL.usage: 128104
cpu2.POLL.time: 1627193
cpu2.POLL.usage: 515
cpu2.C1-SKL.time: 9784954
cpu2.C1-SKL.usage: 73979
cpu2.C1E-SKL.time: 57138153
cpu2.C1E-SKL.usage: 180363
cpu2.C3-SKL.time: 22552167
cpu2.C3-SKL.usage: 53462
cpu2.C6-SKL.time: 217496015
cpu2.C6-SKL.usage: 296559
cpu2.C7s-SKL.time: 19125391
cpu2.C7s-SKL.usage: 8492
cpu2.C8-SKL.time: 734912789
cpu2.C8-SKL.usage: 276510
cpu2.C9-SKL.time: 10196990
cpu2.C9-SKL.usage: 2810
cpu2.C10-SKL.time: 854541869
cpu2.C10-SKL.usage: 124740
cpu3.POLL.time: 614958
cpu3.POLL.usage: 391
cpu3.C1-SKL.time: 7599379
cpu3.C1-SKL.usage: 57675
cpu3.C1E-SKL.time: 41948972
cpu3.C1E-SKL.usage: 134733
cpu3.C3-SKL.time: 11463915
cpu3.C3-SKL.usage: 31932
cpu3.C6-SKL.time: 162171268
cpu3.C6-SKL.usage: 205431
cpu3.C7s-SKL.time: 7515759
cpu3.C7s-SKL.usage: 3023
cpu3.C8-SKL.time: 566080564
cpu3.C8-SKL.usage: 200228
cpu3.C9-SKL.time: 5546996
cpu3.C9-SKL.usage: 1175
cpu3.C10-SKL.time: 1159627432
cpu3.C10-SKL.usage: 140624
time: 1480933012.278586203
cpu0.POLL.time: 610295
cpu0.POLL.usage: 645
cpu0.C1-SKL.time: 7422803
cpu0.C1-SKL.usage: 67860
cpu0.C1E-SKL.time: 52940022
cpu0.C1E-SKL.usage: 163593
cpu0.C3-SKL.time: 18683084
cpu0.C3-SKL.usage: 53967
cpu0.C6-SKL.time: 258081983
cpu0.C6-SKL.usage: 349744
cpu0.C7s-SKL.time: 11389425
cpu0.C7s-SKL.usage: 4575
cpu0.C8-SKL.time: 667225935
cpu0.C8-SKL.usage: 247409
cpu0.C9-SKL.time: 7561757
cpu0.C9-SKL.usage: 1736
cpu0.C10-SKL.time: 921224247
cpu0.C10-SKL.usage: 126689
cpu1.POLL.time: 507708
cpu1.POLL.usage: 611
cpu1.C1-SKL.time: 6102408
cpu1.C1-SKL.usage: 62166
cpu1.C1E-SKL.time: 47943622
cpu1.C1E-SKL.usage: 138538
cpu1.C3-SKL.time: 20679933
cpu1.C3-SKL.usage: 54922
cpu1.C6-SKL.time: 246743972
cpu1.C6-SKL.usage: 330906
cpu1.C7s-SKL.time: 12715087
cpu1.C7s-SKL.usage: 5177
cpu1.C8-SKL.time: 644718489
cpu1.C8-SKL.usage: 239450
cpu1.C9-SKL.time: 9481854
cpu1.C9-SKL.usage: 2289
cpu1.C10-SKL.time: 979746191
cpu1.C10-SKL.usage: 128881
cpu2.POLL.time: 1641224
cpu2.POLL.usage: 516
cpu2.C1-SKL.time: 9786355
cpu2.C1-SKL.usage: 74012
cpu2.C1E-SKL.time: 57220510
cpu2.C1E-SKL.usage: 180537
cpu2.C3-SKL.time: 22611788
cpu2.C3-SKL.usage: 53615
cpu2.C6-SKL.time: 218489375
cpu2.C6-SKL.usage: 297975
cpu2.C7s-SKL.time: 19192502
cpu2.C7s-SKL.usage: 8519
cpu2.C8-SKL.time: 737451068
cpu2.C8-SKL.usage: 277184
cpu2.C9-SKL.time: 10234692
cpu2.C9-SKL.usage: 2819
cpu2.C10-SKL.time: 860701508
cpu2.C10-SKL.usage: 125521
cpu3.POLL.time: 614958
cpu3.POLL.usage: 391
cpu3.C1-SKL.time: 7600233
cpu3.C1-SKL.usage: 57693
cpu3.C1E-SKL.time: 41983397
cpu3.C1E-SKL.usage: 134851
cpu3.C3-SKL.time: 11482682
cpu3.C3-SKL.usage: 32032
cpu3.C6-SKL.time: 163122162
cpu3.C6-SKL.usage: 206593
cpu3.C7s-SKL.time: 7522963
cpu3.C7s-SKL.usage: 3026
cpu3.C8-SKL.time: 568015796
cpu3.C8-SKL.usage: 200753
cpu3.C9-SKL.time: 5576368
cpu3.C9-SKL.usage: 1182
cpu3.C10-SKL.time: 1166524688
cpu3.C10-SKL.usage: 141425
