time: 1481009454.021280989
cpu0.POLL.time: 8323600
cpu0.POLL.usage: 4518
cpu0.C1-SKL.time: 34428162
cpu0.C1-SKL.usage: 337368
cpu0.C1E-SKL.time: 270315564
cpu0.C1E-SKL.usage: 1138210
cpu0.C3-SKL.time: 186393698
cpu0.C3-SKL.usage: 575473
cpu0.C6-SKL.time: 2461560730
cpu0.C6-SKL.usage: 3506256
cpu0.C7s-SKL.time: 132775754
cpu0.C7s-SKL.usage: 57268
cpu0.C8-SKL.time: 7129390679
cpu0.C8-SKL.usage: 2478318
cpu0.C9-SKL.time: 77349842
cpu0.C9-SKL.usage: 24706
cpu0.C10-SKL.time: 4819226026
cpu0.C10-SKL.usage: 797211
cpu1.POLL.time: 4207909
cpu1.POLL.usage: 2946
cpu1.C1-SKL.time: 13604017
cpu1.C1-SKL.usage: 149931
cpu1.C1E-SKL.time: 112499945
cpu1.C1E-SKL.usage: 427869
cpu1.C3-SKL.time: 107141788
cpu1.C3-SKL.usage: 350561
cpu1.C6-SKL.time: 2061969947
cpu1.C6-SKL.usage: 2737161
cpu1.C7s-SKL.time: 60246877
cpu1.C7s-SKL.usage: 23547
cpu1.C8-SKL.time: 6229028400
cpu1.C8-SKL.usage: 2019887
cpu1.C9-SKL.time: 57654590
cpu1.C9-SKL.usage: 15366
cpu1.C10-SKL.time: 6714709244
cpu1.C10-SKL.usage: 990577
cpu2.POLL.time: 4153994
cpu2.POLL.usage: 1890
cpu2.C1-SKL.time: 17066621
cpu2.C1-SKL.usage: 133855
cpu2.C1E-SKL.time: 108408668
cpu2.C1E-SKL.usage: 380568
cpu2.C3-SKL.time: 72958476
cpu2.C3-SKL.usage: 211103
cpu2.C6-SKL.time: 1199367592
cpu2.C6-SKL.usage: 1575643
cpu2.C7s-SKL.time: 54336249
cpu2.C7s-SKL.usage: 21561
cpu2.C8-SKL.time: 5123843944
cpu2.C8-SKL.usage: 1512451
cpu2.C9-SKL.time: 52692671
cpu2.C9-SKL.usage: 13327
cpu2.C10-SKL.time: 9018021545
cpu2.C10-SKL.usage: 1182271
cpu3.POLL.time: 2900834
cpu3.POLL.usage: 1521
cpu3.C1-SKL.time: 15982310
cpu3.C1-SKL.usage: 124761
cpu3.C1E-SKL.time: 71573533
cpu3.C1E-SKL.usage: 285185
cpu3.C3-SKL.time: 48981153
cpu3.C3-SKL.usage: 190727
cpu3.C6-SKL.time: 1162842098
cpu3.C6-SKL.usage: 1512076
cpu3.C7s-SKL.time: 19301345
cpu3.C7s-SKL.usage: 7331
cpu3.C8-SKL.time: 5159292209
cpu3.C8-SKL.usage: 1495912
cpu3.C9-SKL.time: 22336599
cpu3.C9-SKL.usage: 5162
cpu3.C10-SKL.time: 9151012900
cpu3.C10-SKL.usage: 1191302
time: 1481009455.098472168
cpu0.POLL.time: 8323616
cpu0.POLL.usage: 4519
cpu0.C1-SKL.time: 34429769
cpu0.C1-SKL.usage: 337400
cpu0.C1E-SKL.time: 270322796
cpu0.C1E-SKL.usage: 1138258
cpu0.C3-SKL.time: 186399294
cpu0.C3-SKL.usage: 575509
cpu0.C6-SKL.time: 2461708587
cpu0.C6-SKL.usage: 3506473
cpu0.C7s-SKL.time: 132775754
cpu0.C7s-SKL.usage: 57268
cpu0.C8-SKL.time: 7129699855
cpu0.C8-SKL.usage: 2478390
cpu0.C9-SKL.time: 77349842
cpu0.C9-SKL.usage: 24706
cpu0.C10-SKL.time: 4819727894
cpu0.C10-SKL.usage: 797285
cpu1.POLL.time: 4207909
cpu1.POLL.usage: 2946
cpu1.C1-SKL.time: 13605513
cpu1.C1-SKL.usage: 149957
cpu1.C1E-SKL.time: 112506521
cpu1.C1E-SKL.usage: 427907
cpu1.C3-SKL.time: 107151224
cpu1.C3-SKL.usage: 350596
cpu1.C6-SKL.time: 2062208895
cpu1.C6-SKL.usage: 2737468
cpu1.C7s-SKL.time: 60246877
cpu1.C7s-SKL.usage: 23547
cpu1.C8-SKL.time: 6229249224
cpu1.C8-SKL.usage: 2019960
cpu1.C9-SKL.time: 57658010
cpu1.C9-SKL.usage: 15367
cpu1.C10-SKL.time: 6715222096
cpu1.C10-SKL.usage: 990643
cpu2.POLL.time: 4153994
cpu2.POLL.usage: 1890
cpu2.C1-SKL.time: 17066882
cpu2.C1-SKL.usage: 133865
cpu2.C1E-SKL.time: 108411337
cpu2.C1E-SKL.usage: 380587
cpu2.C3-SKL.time: 72961741
cpu2.C3-SKL.usage: 211124
cpu2.C6-SKL.time: 1199425539
cpu2.C6-SKL.usage: 1575734
cpu2.C7s-SKL.time: 54336249
cpu2.C7s-SKL.usage: 21561
cpu2.C8-SKL.time: 5123968558
cpu2.C8-SKL.usage: 1512501
cpu2.C9-SKL.time: 52692671
cpu2.C9-SKL.usage: 13327
cpu2.C10-SKL.time: 9018853660
cpu2.C10-SKL.usage: 1182349
cpu3.POLL.time: 2900834
cpu3.POLL.usage: 1521
cpu3.C1-SKL.time: 15983290
cpu3.C1-SKL.usage: 124774
cpu3.C1E-SKL.time: 71585296
cpu3.C1E-SKL.usage: 285220
cpu3.C3-SKL.time: 48986187
cpu3.C3-SKL.usage: 190744
cpu3.C6-SKL.time: 1162942368
cpu3.C6-SKL.usage: 1512229
cpu3.C7s-SKL.time: 19304318
cpu3.C7s-SKL.usage: 7332
cpu3.C8-SKL.time: 5159638903
cpu3.C8-SKL.usage: 1496003
cpu3.C9-SKL.time: 22343782
cpu3.C9-SKL.usage: 5165
cpu3.C10-SKL.time: 9151538667
cpu3.C10-SKL.usage: 1191377
