time: 1481010231.670366718
cpu0.POLL.time: 194873
cpu0.POLL.usage: 343
cpu0.C1-SKL.time: 4314179
cpu0.C1-SKL.usage: 40327
cpu0.C1E-SKL.time: 28751852
cpu0.C1E-SKL.usage: 107983
cpu0.C3-SKL.time: 8777344
cpu0.C3-SKL.usage: 23391
cpu0.C6-SKL.time: 69324462
cpu0.C6-SKL.usage: 97033
cpu0.C7s-SKL.time: 6198471
cpu0.C7s-SKL.usage: 2607
cpu0.C8-SKL.time: 166136907
cpu0.C8-SKL.usage: 70113
cpu0.C9-SKL.time: 2648666
cpu0.C9-SKL.usage: 700
cpu0.C10-SKL.time: 59503647
cpu0.C10-SKL.usage: 12217
cpu1.POLL.time: 152323
cpu1.POLL.usage: 307
cpu1.C1-SKL.time: 3221033
cpu1.C1-SKL.usage: 29811
cpu1.C1E-SKL.time: 25257148
cpu1.C1E-SKL.usage: 82480
cpu1.C3-SKL.time: 8129556
cpu1.C3-SKL.usage: 22109
cpu1.C6-SKL.time: 69593362
cpu1.C6-SKL.usage: 96147
cpu1.C7s-SKL.time: 5314636
cpu1.C7s-SKL.usage: 2279
cpu1.C8-SKL.time: 167098516
cpu1.C8-SKL.usage: 70064
cpu1.C9-SKL.time: 4426478
cpu1.C9-SKL.usage: 819
cpu1.C10-SKL.time: 63110768
cpu1.C10-SKL.usage: 12730
cpu2.POLL.time: 327657
cpu2.POLL.usage: 311
cpu2.C1-SKL.time: 5145783
cpu2.C1-SKL.usage: 49025
cpu2.C1E-SKL.time: 24732603
cpu2.C1E-SKL.usage: 107192
cpu2.C3-SKL.time: 8621286
cpu2.C3-SKL.usage: 19535
cpu2.C6-SKL.time: 55902282
cpu2.C6-SKL.usage: 75504
cpu2.C7s-SKL.time: 6491078
cpu2.C7s-SKL.usage: 2934
cpu2.C8-SKL.time: 171603188
cpu2.C8-SKL.usage: 79199
cpu2.C9-SKL.time: 2576269
cpu2.C9-SKL.usage: 669
cpu2.C10-SKL.time: 38671217
cpu2.C10-SKL.usage: 9024
cpu3.POLL.time: 123753
cpu3.POLL.usage: 250
cpu3.C1-SKL.time: 3929604
cpu3.C1-SKL.usage: 39790
cpu3.C1E-SKL.time: 22243815
cpu3.C1E-SKL.usage: 95891
cpu3.C3-SKL.time: 6162527
cpu3.C3-SKL.usage: 14109
cpu3.C6-SKL.time: 49523562
cpu3.C6-SKL.usage: 63493
cpu3.C7s-SKL.time: 4747896
cpu3.C7s-SKL.usage: 1818
cpu3.C8-SKL.time: 168213234
cpu3.C8-SKL.usage: 63988
cpu3.C9-SKL.time: 3829351
cpu3.C9-SKL.usage: 701
cpu3.C10-SKL.time: 89711526
cpu3.C10-SKL.usage: 16228
time: 1481010232.757665222
cpu0.POLL.time: 194873
cpu0.POLL.usage: 343
cpu0.C1-SKL.time: 4316452
cpu0.C1-SKL.usage: 40406
cpu0.C1E-SKL.time: 28772615
cpu0.C1E-SKL.usage: 108040
cpu0.C3-SKL.time: 8785938
cpu0.C3-SKL.usage: 23434
cpu0.C6-SKL.time: 69505777
cpu0.C6-SKL.usage: 97300
cpu0.C7s-SKL.time: 6198471
cpu0.C7s-SKL.usage: 2607
cpu0.C8-SKL.time: 166530626
cpu0.C8-SKL.usage: 70249
cpu0.C9-SKL.time: 2652648
cpu0.C9-SKL.usage: 702
cpu0.C10-SKL.time: 59888754
cpu0.C10-SKL.usage: 12276
cpu1.POLL.time: 153338
cpu1.POLL.usage: 308
cpu1.C1-SKL.time: 3222013
cpu1.C1-SKL.usage: 29827
cpu1.C1E-SKL.time: 25297291
cpu1.C1E-SKL.usage: 82565
cpu1.C3-SKL.time: 8147139
cpu1.C3-SKL.usage: 22151
cpu1.C6-SKL.time: 69830581
cpu1.C6-SKL.usage: 96466
cpu1.C7s-SKL.time: 5327382
cpu1.C7s-SKL.usage: 2283
cpu1.C8-SKL.time: 167527765
cpu1.C8-SKL.usage: 70192
cpu1.C9-SKL.time: 4439221
cpu1.C9-SKL.usage: 826
cpu1.C10-SKL.time: 63326750
cpu1.C10-SKL.usage: 12770
cpu2.POLL.time: 327657
cpu2.POLL.usage: 311
cpu2.C1-SKL.time: 5146456
cpu2.C1-SKL.usage: 49035
cpu2.C1E-SKL.time: 24746972
cpu2.C1E-SKL.usage: 107225
cpu2.C3-SKL.time: 8632473
cpu2.C3-SKL.usage: 19558
cpu2.C6-SKL.time: 56061788
cpu2.C6-SKL.usage: 75750
cpu2.C7s-SKL.time: 6505047
cpu2.C7s-SKL.usage: 2941
cpu2.C8-SKL.time: 172174021
cpu2.C8-SKL.usage: 79380
cpu2.C9-SKL.time: 2576269
cpu2.C9-SKL.usage: 669
cpu2.C10-SKL.time: 38884931
cpu2.C10-SKL.usage: 9073
cpu3.POLL.time: 123753
cpu3.POLL.usage: 250
cpu3.C1-SKL.time: 3929637
cpu3.C1-SKL.usage: 39792
cpu3.C1E-SKL.time: 22245096
cpu3.C1E-SKL.usage: 95905
cpu3.C3-SKL.time: 6166813
cpu3.C3-SKL.usage: 14129
cpu3.C6-SKL.time: 49615171
cpu3.C6-SKL.usage: 63637
cpu3.C7s-SKL.time: 4747896
cpu3.C7s-SKL.usage: 1818
cpu3.C8-SKL.time: 168589099
cpu3.C8-SKL.usage: 64093
cpu3.C9-SKL.time: 3829351
cpu3.C9-SKL.usage: 701
cpu3.C10-SKL.time: 90235255
cpu3.C10-SKL.usage: 16323
