time: 1479984431.903749549
cpu0.POLL.time: 501113
cpu0.POLL.usage: 1098
cpu0.C1-HSW.time: 10910999
cpu0.C1-HSW.usage: 152294
cpu0.C1E-HSW.time: 21989817
cpu0.C1E-HSW.usage: 96945
cpu0.C3-HSW.time: 27277168
cpu0.C3-HSW.usage: 98132
cpu0.C6-HSW.time: 11498206
cpu0.C6-HSW.usage: 20105
cpu0.C7s-HSW.time: 490105003
cpu0.C7s-HSW.usage: 389383
cpu0.C8-HSW.time: 76111840
cpu0.C8-HSW.usage: 42736
cpu0.C9-HSW.time: 1057614209
cpu0.C9-HSW.usage: 154953
cpu0.C10-HSW.time: 6741500991
cpu0.C10-HSW.usage: 367707
cpu1.POLL.time: 203973
cpu1.POLL.usage: 1059
cpu1.C1-HSW.time: 8986900
cpu1.C1-HSW.usage: 122967
cpu1.C1E-HSW.time: 26650075
cpu1.C1E-HSW.usage: 101519
cpu1.C3-HSW.time: 30290162
cpu1.C3-HSW.usage: 111798
cpu1.C6-HSW.time: 12129440
cpu1.C6-HSW.usage: 21055
cpu1.C7s-HSW.time: 524717046
cpu1.C7s-HSW.usage: 425644
cpu1.C8-HSW.time: 69500825
cpu1.C8-HSW.usage: 38467
cpu1.C9-HSW.time: 1079285655
cpu1.C9-HSW.usage: 159123
cpu1.C10-HSW.time: 6688648078
cpu1.C10-HSW.usage: 367455
cpu2.POLL.time: 794182
cpu2.POLL.usage: 967
cpu2.C1-HSW.time: 9108461
cpu2.C1-HSW.usage: 165470
cpu2.C1E-HSW.time: 20385768
cpu2.C1E-HSW.usage: 89755
cpu2.C3-HSW.time: 18426536
cpu2.C3-HSW.usage: 57877
cpu2.C6-HSW.time: 6492239
cpu2.C6-HSW.usage: 9868
cpu2.C7s-HSW.time: 228893400
cpu2.C7s-HSW.usage: 128360
cpu2.C8-HSW.time: 52196682
cpu2.C8-HSW.usage: 29323
cpu2.C9-HSW.time: 941464203
cpu2.C9-HSW.usage: 137212
cpu2.C10-HSW.time: 7173841296
cpu2.C10-HSW.usage: 362642
cpu3.POLL.time: 223957
cpu3.POLL.usage: 902
cpu3.C1-HSW.time: 12764810
cpu3.C1-HSW.usage: 163502
cpu3.C1E-HSW.time: 33479488
cpu3.C1E-HSW.usage: 88868
cpu3.C3-HSW.time: 15689363
cpu3.C3-HSW.usage: 64462
cpu3.C6-HSW.time: 3962660
cpu3.C6-HSW.usage: 5433
cpu3.C7s-HSW.time: 151472901
cpu3.C7s-HSW.usage: 69458
cpu3.C8-HSW.time: 29629316
cpu3.C8-HSW.usage: 15267
cpu3.C9-HSW.time: 682320418
cpu3.C9-HSW.usage: 96109
cpu3.C10-HSW.time: 7532428996
cpu3.C10-HSW.usage: 360458
time: 1479984457.897153426
cpu0.POLL.time: 501113
cpu0.POLL.usage: 1098
cpu0.C1-HSW.time: 10914072
cpu0.C1-HSW.usage: 152333
cpu0.C1E-HSW.time: 21993956
cpu0.C1E-HSW.usage: 96993
cpu0.C3-HSW.time: 27288042
cpu0.C3-HSW.usage: 98178
cpu0.C6-HSW.time: 11510383
cpu0.C6-HSW.usage: 20122
cpu0.C7s-HSW.time: 490133521
cpu0.C7s-HSW.usage: 389423
cpu0.C8-HSW.time: 76178448
cpu0.C8-HSW.usage: 42750
cpu0.C9-HSW.time: 1057763327
cpu0.C9-HSW.usage: 154991
cpu0.C10-HSW.time: 6742189860
cpu0.C10-HSW.usage: 367755
cpu1.POLL.time: 204111
cpu1.POLL.usage: 1060
cpu1.C1-HSW.time: 8989751
cpu1.C1-HSW.usage: 123001
cpu1.C1E-HSW.time: 26653493
cpu1.C1E-HSW.usage: 101561
cpu1.C3-HSW.time: 30310626
cpu1.C3-HSW.usage: 111855
cpu1.C6-HSW.time: 12139224
cpu1.C6-HSW.usage: 21079
cpu1.C7s-HSW.time: 524741333
cpu1.C7s-HSW.usage: 425678
cpu1.C8-HSW.time: 69500825
cpu1.C8-HSW.usage: 38467
cpu1.C9-HSW.time: 1079441216
cpu1.C9-HSW.usage: 159140
cpu1.C10-HSW.time: 6689407343
cpu1.C10-HSW.usage: 367496
cpu2.POLL.time: 794200
cpu2.POLL.usage: 968
cpu2.C1-HSW.time: 9111324
cpu2.C1-HSW.usage: 165516
cpu2.C1E-HSW.time: 20389840
cpu2.C1E-HSW.usage: 89782
cpu2.C3-HSW.time: 18440090
cpu2.C3-HSW.usage: 57932
cpu2.C6-HSW.time: 6509353
cpu2.C6-HSW.usage: 9892
cpu2.C7s-HSW.time: 228987663
cpu2.C7s-HSW.usage: 128434
cpu2.C8-HSW.time: 52244389
cpu2.C8-HSW.usage: 29349
cpu2.C9-HSW.time: 941768810
cpu2.C9-HSW.usage: 137264
cpu2.C10-HSW.time: 7174294494
cpu2.C10-HSW.usage: 362680
cpu3.POLL.time: 223957
cpu3.POLL.usage: 902
cpu3.C1-HSW.time: 12766286
cpu3.C1-HSW.usage: 163514
cpu3.C1E-HSW.time: 33483839
cpu3.C1E-HSW.usage: 88908
cpu3.C3-HSW.time: 15701411
cpu3.C3-HSW.usage: 64503
cpu3.C6-HSW.time: 3976235
cpu3.C6-HSW.usage: 5452
cpu3.C7s-HSW.time: 151506078
cpu3.C7s-HSW.usage: 69497
cpu3.C8-HSW.time: 29632398
cpu3.C8-HSW.usage: 15272
cpu3.C9-HSW.time: 682346530
cpu3.C9-HSW.usage: 96111
cpu3.C10-HSW.time: 7533307641
cpu3.C10-HSW.usage: 360469
