time: 1480051872.872666874
cpu0.POLL.time: 5155
cpu0.POLL.usage: 46
cpu0.C1-HSW.time: 694011
cpu0.C1-HSW.usage: 7715
cpu0.C1E-HSW.time: 5565795
cpu0.C1E-HSW.usage: 24666
cpu0.C3-HSW.time: 4359204
cpu0.C3-HSW.usage: 15895
cpu0.C6-HSW.time: 1373590
cpu0.C6-HSW.usage: 2363
cpu0.C7s-HSW.time: 10462449
cpu0.C7s-HSW.usage: 8017
cpu0.C8-HSW.time: 4294197
cpu0.C8-HSW.usage: 3027
cpu0.C9-HSW.time: 9045315
cpu0.C9-HSW.usage: 2736
cpu0.C10-HSW.time: 47934145
cpu0.C10-HSW.usage: 1341
cpu1.POLL.time: 13441
cpu1.POLL.usage: 38
cpu1.C1-HSW.time: 604260
cpu1.C1-HSW.usage: 2774
cpu1.C1E-HSW.time: 1707028
cpu1.C1E-HSW.usage: 6499
cpu1.C3-HSW.time: 2256477
cpu1.C3-HSW.usage: 6261
cpu1.C6-HSW.time: 729931
cpu1.C6-HSW.usage: 1321
cpu1.C7s-HSW.time: 8721774
cpu1.C7s-HSW.usage: 5785
cpu1.C8-HSW.time: 3467785
cpu1.C8-HSW.usage: 2003
cpu1.C9-HSW.time: 9629219
cpu1.C9-HSW.usage: 2500
cpu1.C10-HSW.time: 56212779
cpu1.C10-HSW.usage: 1713
cpu2.POLL.time: 5093
cpu2.POLL.usage: 24
cpu2.C1-HSW.time: 336691
cpu2.C1-HSW.usage: 3291
cpu2.C1E-HSW.time: 1635912
cpu2.C1E-HSW.usage: 5638
cpu2.C3-HSW.time: 1734636
cpu2.C3-HSW.usage: 3720
cpu2.C6-HSW.time: 506292
cpu2.C6-HSW.usage: 941
cpu2.C7s-HSW.time: 12718004
cpu2.C7s-HSW.usage: 5842
cpu2.C8-HSW.time: 2657027
cpu2.C8-HSW.usage: 1259
cpu2.C9-HSW.time: 7040169
cpu2.C9-HSW.usage: 1554
cpu2.C10-HSW.time: 58524741
cpu2.C10-HSW.usage: 1273
cpu3.POLL.time: 13758
cpu3.POLL.usage: 35
cpu3.C1-HSW.time: 402642
cpu3.C1-HSW.usage: 3866
cpu3.C1E-HSW.time: 1560917
cpu3.C1E-HSW.usage: 5922
cpu3.C3-HSW.time: 2260857
cpu3.C3-HSW.usage: 4731
cpu3.C6-HSW.time: 552106
cpu3.C6-HSW.usage: 1001
cpu3.C7s-HSW.time: 12508811
cpu3.C7s-HSW.usage: 6866
cpu3.C8-HSW.time: 4277631
cpu3.C8-HSW.usage: 2014
cpu3.C9-HSW.time: 9817287
cpu3.C9-HSW.usage: 2697
cpu3.C10-HSW.time: 54874010
cpu3.C10-HSW.usage: 1190
time: 1480051898.860213607
cpu0.POLL.time: 5155
cpu0.POLL.usage: 46
cpu0.C1-HSW.time: 696489
cpu0.C1-HSW.usage: 7733
cpu0.C1E-HSW.time: 5571811
cpu0.C1E-HSW.usage: 24708
cpu0.C3-HSW.time: 4376736
cpu0.C3-HSW.usage: 15958
cpu0.C6-HSW.time: 1382962
cpu0.C6-HSW.usage: 2385
cpu0.C7s-HSW.time: 10551027
cpu0.C7s-HSW.usage: 8050
cpu0.C8-HSW.time: 4296159
cpu0.C8-HSW.usage: 3028
cpu0.C9-HSW.time: 9202632
cpu0.C9-HSW.usage: 2741
cpu0.C10-HSW.time: 48632807
cpu0.C10-HSW.usage: 1358
cpu1.POLL.time: 13441
cpu1.POLL.usage: 38
cpu1.C1-HSW.time: 607380
cpu1.C1-HSW.usage: 2813
cpu1.C1E-HSW.time: 1709881
cpu1.C1E-HSW.usage: 6537
cpu1.C3-HSW.time: 2274991
cpu1.C3-HSW.usage: 6329
cpu1.C6-HSW.time: 743174
cpu1.C6-HSW.usage: 1342
cpu1.C7s-HSW.time: 8922082
cpu1.C7s-HSW.usage: 5825
cpu1.C8-HSW.time: 3468780
cpu1.C8-HSW.usage: 2004
cpu1.C9-HSW.time: 9631206
cpu1.C9-HSW.usage: 2501
cpu1.C10-HSW.time: 56947031
cpu1.C10-HSW.usage: 1720
cpu2.POLL.time: 5093
cpu2.POLL.usage: 24
cpu2.C1-HSW.time: 338158
cpu2.C1-HSW.usage: 3300
cpu2.C1E-HSW.time: 1639886
cpu2.C1E-HSW.usage: 5666
cpu2.C3-HSW.time: 1748410
cpu2.C3-HSW.usage: 3770
cpu2.C6-HSW.time: 511720
cpu2.C6-HSW.usage: 956
cpu2.C7s-HSW.time: 13372641
cpu2.C7s-HSW.usage: 5879
cpu2.C8-HSW.time: 2657027
cpu2.C8-HSW.usage: 1259
cpu2.C9-HSW.time: 7040169
cpu2.C9-HSW.usage: 1554
cpu2.C10-HSW.time: 58814387
cpu2.C10-HSW.usage: 1280
cpu3.POLL.time: 13758
cpu3.POLL.usage: 35
cpu3.C1-HSW.time: 404638
cpu3.C1-HSW.usage: 3883
cpu3.C1E-HSW.time: 1564577
cpu3.C1E-HSW.usage: 5959
cpu3.C3-HSW.time: 2272976
cpu3.C3-HSW.usage: 4767
cpu3.C6-HSW.time: 561158
cpu3.C6-HSW.usage: 1021
cpu3.C7s-HSW.time: 13155730
cpu3.C7s-HSW.usage: 6893
cpu3.C8-HSW.time: 4281587
cpu3.C8-HSW.usage: 2016
cpu3.C9-HSW.time: 9817481
cpu3.C9-HSW.usage: 2698
cpu3.C10-HSW.time: 55156874
cpu3.C10-HSW.usage: 1192
