time: 1478015283.320670131
                    CPU0       CPU1       CPU2       CPU3       CPU4       CPU5       CPU6       CPU7       
          HI:          1          0          0          0          0          0          1          0
       TIMER:     299595     249499     280183     293787     186447     193771     168766     181615
      NET_TX:          0          0       3037          0          0          0          0          0
      NET_RX:      81508       4858       4426       3626      23172       5155       5996       4242
       BLOCK:      29818       3688       2477       1452       7059       4685       3638       2492
BLOCK_IOPOLL:          0          0          0          0          0          0          0          0
     TASKLET:       7220         36         31         29       1944         61         43         19
       SCHED:     132267      93840     105139     127260      67180      67484      63380      55840
     HRTIMER:          0          0          0          0          0          0          0          0
         RCU:     197569     172968     193912     210523     142593     147679     135753     114120
time: 1478015309.188383074
                    CPU0       CPU1       CPU2       CPU3       CPU4       CPU5       CPU6       CPU7       
          HI:          1          0          0          0          0          0          1          0
       TIMER:     324687     274570     305246     318838     211507     218818     193796     206616
      NET_TX:          0          0       3042          0          0          0          0          0
      NET_RX:      81522       4862       4431       3626      23179       5168       5998       4245
       BLOCK:      30008       3692       2477       1452       7059       4686       3638       2492
BLOCK_IOPOLL:          0          0          0          0          0          0          0          0
     TASKLET:       7220         36         31         29       1944         61         43         19
       SCHED:     132558      94132     105414     127540      67472      67784      63658      56102
     HRTIMER:          0          0          0          0          0          0          0          0
         RCU:     201246     176513     197426     214075     146283     151265     139351     117693
