time: 1479990616.136823671
cpu0.POLL.time: 85427
cpu0.POLL.usage: 382
cpu0.C1-HSW.time: 3898483
cpu0.C1-HSW.usage: 57926
cpu0.C1E-HSW.time: 4627482
cpu0.C1E-HSW.usage: 36780
cpu0.C3-HSW.time: 9674610
cpu0.C3-HSW.usage: 34888
cpu0.C6-HSW.time: 2906485
cpu0.C6-HSW.usage: 5411
cpu0.C7s-HSW.time: 114340475
cpu0.C7s-HSW.usage: 98009
cpu0.C8-HSW.time: 14316757
cpu0.C8-HSW.usage: 8276
cpu0.C9-HSW.time: 179410017
cpu0.C9-HSW.usage: 26102
cpu0.C10-HSW.time: 271691007
cpu0.C10-HSW.usage: 24230
cpu1.POLL.time: 86881
cpu1.POLL.usage: 409
cpu1.C1-HSW.time: 2480240
cpu1.C1-HSW.usage: 41778
cpu1.C1E-HSW.time: 4633359
cpu1.C1E-HSW.usage: 37133
cpu1.C3-HSW.time: 11180828
cpu1.C3-HSW.usage: 38267
cpu1.C6-HSW.time: 3188530
cpu1.C6-HSW.usage: 5505
cpu1.C7s-HSW.time: 114505629
cpu1.C7s-HSW.usage: 101146
cpu1.C8-HSW.time: 14236768
cpu1.C8-HSW.usage: 7692
cpu1.C9-HSW.time: 182258650
cpu1.C9-HSW.usage: 27772
cpu1.C10-HSW.time: 268960725
cpu1.C10-HSW.usage: 24496
cpu2.POLL.time: 129557
cpu2.POLL.usage: 344
cpu2.C1-HSW.time: 2776557
cpu2.C1-HSW.usage: 61412
cpu2.C1E-HSW.time: 6195039
cpu2.C1E-HSW.usage: 35562
cpu2.C3-HSW.time: 9229996
cpu2.C3-HSW.usage: 22836
cpu2.C6-HSW.time: 4474793
cpu2.C6-HSW.usage: 5208
cpu2.C7s-HSW.time: 28526201
cpu2.C7s-HSW.usage: 22113
cpu2.C8-HSW.time: 15289698
cpu2.C8-HSW.usage: 7639
cpu2.C9-HSW.time: 205143763
cpu2.C9-HSW.usage: 31020
cpu2.C10-HSW.time: 331671717
cpu2.C10-HSW.usage: 27880
cpu3.POLL.time: 53524
cpu3.POLL.usage: 290
cpu3.C1-HSW.time: 2754562
cpu3.C1-HSW.usage: 51357
cpu3.C1E-HSW.time: 4612296
cpu3.C1E-HSW.usage: 34505
cpu3.C3-HSW.time: 5774613
cpu3.C3-HSW.usage: 25147
cpu3.C6-HSW.time: 1294730
cpu3.C6-HSW.usage: 2044
cpu3.C7s-HSW.time: 27060600
cpu3.C7s-HSW.usage: 21493
cpu3.C8-HSW.time: 7434146
cpu3.C8-HSW.usage: 3817
cpu3.C9-HSW.time: 194004682
cpu3.C9-HSW.usage: 26478
cpu3.C10-HSW.time: 361516260
cpu3.C10-HSW.usage: 28703
time: 1479990642.114847192
cpu0.POLL.time: 85427
cpu0.POLL.usage: 382
cpu0.C1-HSW.time: 3901984
cpu0.C1-HSW.usage: 57984
cpu0.C1E-HSW.time: 4634726
cpu0.C1E-HSW.usage: 36837
cpu0.C3-HSW.time: 9708841
cpu0.C3-HSW.usage: 34959
cpu0.C6-HSW.time: 2913453
cpu0.C6-HSW.usage: 5425
cpu0.C7s-HSW.time: 114435206
cpu0.C7s-HSW.usage: 98102
cpu0.C8-HSW.time: 14318715
cpu0.C8-HSW.usage: 8277
cpu0.C9-HSW.time: 179820939
cpu0.C9-HSW.usage: 26145
cpu0.C10-HSW.time: 272084693
cpu0.C10-HSW.usage: 24273
cpu1.POLL.time: 86881
cpu1.POLL.usage: 409
cpu1.C1-HSW.time: 2484843
cpu1.C1-HSW.usage: 41820
cpu1.C1E-HSW.time: 4638239
cpu1.C1E-HSW.usage: 37170
cpu1.C3-HSW.time: 11194504
cpu1.C3-HSW.usage: 38322
cpu1.C6-HSW.time: 3203758
cpu1.C6-HSW.usage: 5529
cpu1.C7s-HSW.time: 114568756
cpu1.C7s-HSW.usage: 101209
cpu1.C8-HSW.time: 14272503
cpu1.C8-HSW.usage: 7710
cpu1.C9-HSW.time: 182532878
cpu1.C9-HSW.usage: 27833
cpu1.C10-HSW.time: 269501601
cpu1.C10-HSW.usage: 24538
cpu2.POLL.time: 129557
cpu2.POLL.usage: 344
cpu2.C1-HSW.time: 2779029
cpu2.C1-HSW.usage: 61443
cpu2.C1E-HSW.time: 6199018
cpu2.C1E-HSW.usage: 35613
cpu2.C3-HSW.time: 9250927
cpu2.C3-HSW.usage: 22913
cpu2.C6-HSW.time: 4483205
cpu2.C6-HSW.usage: 5227
cpu2.C7s-HSW.time: 28689777
cpu2.C7s-HSW.usage: 22246
cpu2.C8-HSW.time: 15312490
cpu2.C8-HSW.usage: 7652
cpu2.C9-HSW.time: 205378612
cpu2.C9-HSW.usage: 31049
cpu2.C10-HSW.time: 332167944
cpu2.C10-HSW.usage: 27915
cpu3.POLL.time: 53524
cpu3.POLL.usage: 290
cpu3.C1-HSW.time: 2759327
cpu3.C1-HSW.usage: 51400
cpu3.C1E-HSW.time: 4615944
cpu3.C1E-HSW.usage: 34546
cpu3.C3-HSW.time: 5787668
cpu3.C3-HSW.usage: 25195
cpu3.C6-HSW.time: 1302464
cpu3.C6-HSW.usage: 2057
cpu3.C7s-HSW.time: 27155433
cpu3.C7s-HSW.usage: 21564
cpu3.C8-HSW.time: 7472144
cpu3.C8-HSW.usage: 3824
cpu3.C9-HSW.time: 194427181
cpu3.C9-HSW.usage: 26542
cpu3.C10-HSW.time: 361881922
cpu3.C10-HSW.usage: 28735
