time: 1481005836.024957202
cpu0.POLL.time: 6673189
cpu0.POLL.usage: 3726
cpu0.C1-SKL.time: 28830577
cpu0.C1-SKL.usage: 288774
cpu0.C1E-SKL.time: 217563995
cpu0.C1E-SKL.usage: 948941
cpu0.C3-SKL.time: 144710649
cpu0.C3-SKL.usage: 460305
cpu0.C6-SKL.time: 1979653974
cpu0.C6-SKL.usage: 2826118
cpu0.C7s-SKL.time: 100940371
cpu0.C7s-SKL.usage: 43885
cpu0.C8-SKL.time: 5710507799
cpu0.C8-SKL.usage: 2005528
cpu0.C9-SKL.time: 56539688
cpu0.C9-SKL.usage: 18013
cpu0.C10-SKL.time: 3529215675
cpu0.C10-SKL.usage: 635420
cpu1.POLL.time: 3392289
cpu1.POLL.usage: 2552
cpu1.C1-SKL.time: 11849626
cpu1.C1-SKL.usage: 131427
cpu1.C1E-SKL.time: 95121377
cpu1.C1E-SKL.usage: 366056
cpu1.C3-SKL.time: 86307039
cpu1.C3-SKL.usage: 288164
cpu1.C6-SKL.time: 1670342593
cpu1.C6-SKL.usage: 2233234
cpu1.C7s-SKL.time: 48815189
cpu1.C7s-SKL.usage: 19068
cpu1.C8-SKL.time: 4997683366
cpu1.C8-SKL.usage: 1633067
cpu1.C9-SKL.time: 45951047
cpu1.C9-SKL.usage: 12256
cpu1.C10-SKL.time: 4997754301
cpu1.C10-SKL.usage: 784536
cpu2.POLL.time: 3684598
cpu2.POLL.usage: 1642
cpu2.C1-SKL.time: 14723212
cpu2.C1-SKL.usage: 121053
cpu2.C1E-SKL.time: 95531085
cpu2.C1E-SKL.usage: 335899
cpu2.C3-SKL.time: 62382079
cpu2.C3-SKL.usage: 180969
cpu2.C6-SKL.time: 978691229
cpu2.C6-SKL.usage: 1308790
cpu2.C7s-SKL.time: 47377788
cpu2.C7s-SKL.usage: 18949
cpu2.C8-SKL.time: 4261966471
cpu2.C8-SKL.usage: 1258301
cpu2.C9-SKL.time: 43597421
cpu2.C9-SKL.usage: 11058
cpu2.C10-SKL.time: 6676592265
cpu2.C10-SKL.usage: 936053
cpu3.POLL.time: 2362852
cpu3.POLL.usage: 1294
cpu3.C1-SKL.time: 13132363
cpu3.C1-SKL.usage: 110213
cpu3.C1E-SKL.time: 62588427
cpu3.C1E-SKL.usage: 249465
cpu3.C3-SKL.time: 41662475
cpu3.C3-SKL.usage: 160977
cpu3.C6-SKL.time: 941545248
cpu3.C6-SKL.usage: 1238909
cpu3.C7s-SKL.time: 16443592
cpu3.C7s-SKL.usage: 6261
cpu3.C8-SKL.time: 4181751815
cpu3.C8-SKL.usage: 1222016
cpu3.C9-SKL.time: 18892239
cpu3.C9-SKL.usage: 4364
cpu3.C10-SKL.time: 6927658494
cpu3.C10-SKL.usage: 944711
time: 1481005837.123177212
cpu0.POLL.time: 6673189
cpu0.POLL.usage: 3726
cpu0.C1-SKL.time: 28830668
cpu0.C1-SKL.usage: 288781
cpu0.C1E-SKL.time: 217567663
cpu0.C1E-SKL.usage: 948968
cpu0.C3-SKL.time: 144717550
cpu0.C3-SKL.usage: 460342
cpu0.C6-SKL.time: 1979797967
cpu0.C6-SKL.usage: 2826353
cpu0.C7s-SKL.time: 100940371
cpu0.C7s-SKL.usage: 43885
cpu0.C8-SKL.time: 5711103736
cpu0.C8-SKL.usage: 2005711
cpu0.C9-SKL.time: 56539688
cpu0.C9-SKL.usage: 18013
cpu0.C10-SKL.time: 3529457836
cpu0.C10-SKL.usage: 635484
cpu1.POLL.time: 3392289
cpu1.POLL.usage: 2552
cpu1.C1-SKL.time: 11849903
cpu1.C1-SKL.usage: 131433
cpu1.C1E-SKL.time: 95130425
cpu1.C1E-SKL.usage: 366103
cpu1.C3-SKL.time: 86318863
cpu1.C3-SKL.usage: 288199
cpu1.C6-SKL.time: 1670486508
cpu1.C6-SKL.usage: 2233462
cpu1.C7s-SKL.time: 48817869
cpu1.C7s-SKL.usage: 19070
cpu1.C8-SKL.time: 4998160452
cpu1.C8-SKL.usage: 1633204
cpu1.C9-SKL.time: 45975348
cpu1.C9-SKL.usage: 12264
cpu1.C10-SKL.time: 4998077591
cpu1.C10-SKL.usage: 784606
cpu2.POLL.time: 3684608
cpu2.POLL.usage: 1643
cpu2.C1-SKL.time: 14723983
cpu2.C1-SKL.usage: 121063
cpu2.C1E-SKL.time: 95535279
cpu2.C1E-SKL.usage: 335933
cpu2.C3-SKL.time: 62388905
cpu2.C3-SKL.usage: 180997
cpu2.C6-SKL.time: 978906177
cpu2.C6-SKL.usage: 1309089
cpu2.C7s-SKL.time: 47377788
cpu2.C7s-SKL.usage: 18949
cpu2.C8-SKL.time: 4262302293
cpu2.C8-SKL.usage: 1258420
cpu2.C9-SKL.time: 43597421
cpu2.C9-SKL.usage: 11058
cpu2.C10-SKL.time: 6677028721
cpu2.C10-SKL.usage: 936118
cpu3.POLL.time: 2362882
cpu3.POLL.usage: 1295
cpu3.C1-SKL.time: 13136746
cpu3.C1-SKL.usage: 110240
cpu3.C1E-SKL.time: 62596703
cpu3.C1E-SKL.usage: 249493
cpu3.C3-SKL.time: 41664198
cpu3.C3-SKL.usage: 160991
cpu3.C6-SKL.time: 941744368
cpu3.C6-SKL.usage: 1239104
cpu3.C7s-SKL.time: 16443592
cpu3.C7s-SKL.usage: 6261
cpu3.C8-SKL.time: 4181974685
cpu3.C8-SKL.usage: 1222102
cpu3.C9-SKL.time: 18892239
cpu3.C9-SKL.usage: 4364
cpu3.C10-SKL.time: 6928247903
cpu3.C10-SKL.usage: 944795
