time: 1480655987.540810216
cpu0.POLL.time: 2173079
cpu0.POLL.usage: 1211
cpu0.C1-SKL.time: 8522919
cpu0.C1-SKL.usage: 46369
cpu0.C1E-SKL.time: 60780204
cpu0.C1E-SKL.usage: 143547
cpu0.C3-SKL.time: 44775639
cpu0.C3-SKL.usage: 117647
cpu0.C6-SKL.time: 615739743
cpu0.C6-SKL.usage: 840644
cpu0.C7s-SKL.time: 37565107
cpu0.C7s-SKL.usage: 16953
cpu0.C8-SKL.time: 2140846572
cpu0.C8-SKL.usage: 732339
cpu0.C9-SKL.time: 19219188
cpu0.C9-SKL.usage: 5592
cpu0.C10-SKL.time: 3674812309
cpu0.C10-SKL.usage: 348387
cpu1.POLL.time: 1237364
cpu1.POLL.usage: 807
cpu1.C1-SKL.time: 7941549
cpu1.C1-SKL.usage: 31173
cpu1.C1E-SKL.time: 29421491
cpu1.C1E-SKL.usage: 78187
cpu1.C3-SKL.time: 37221128
cpu1.C3-SKL.usage: 81023
cpu1.C6-SKL.time: 524676017
cpu1.C6-SKL.usage: 657566
cpu1.C7s-SKL.time: 25817428
cpu1.C7s-SKL.usage: 9886
cpu1.C8-SKL.time: 1495736727
cpu1.C8-SKL.usage: 448385
cpu1.C9-SKL.time: 19089649
cpu1.C9-SKL.usage: 5078
cpu1.C10-SKL.time: 4553648365
cpu1.C10-SKL.usage: 428626
cpu2.POLL.time: 1656913
cpu2.POLL.usage: 516
cpu2.C1-SKL.time: 9299749
cpu2.C1-SKL.usage: 36718
cpu2.C1E-SKL.time: 24060226
cpu2.C1E-SKL.usage: 55679
cpu2.C3-SKL.time: 22407126
cpu2.C3-SKL.usage: 46745
cpu2.C6-SKL.time: 307286611
cpu2.C6-SKL.usage: 368529
cpu2.C7s-SKL.time: 26201508
cpu2.C7s-SKL.usage: 10300
cpu2.C8-SKL.time: 1257617885
cpu2.C8-SKL.usage: 324799
cpu2.C9-SKL.time: 19873819
cpu2.C9-SKL.usage: 5220
cpu2.C10-SKL.time: 5091082264
cpu2.C10-SKL.usage: 458761
cpu3.POLL.time: 1887958
cpu3.POLL.usage: 398
cpu3.C1-SKL.time: 4627215
cpu3.C1-SKL.usage: 24687
cpu3.C1E-SKL.time: 14449476
cpu3.C1E-SKL.usage: 38254
cpu3.C3-SKL.time: 11244686
cpu3.C3-SKL.usage: 35691
cpu3.C6-SKL.time: 302837873
cpu3.C6-SKL.usage: 351875
cpu3.C7s-SKL.time: 8578519
cpu3.C7s-SKL.usage: 2968
cpu3.C8-SKL.time: 1156892726
cpu3.C8-SKL.usage: 316423
cpu3.C9-SKL.time: 10239071
cpu3.C9-SKL.usage: 2207
cpu3.C10-SKL.time: 5264999827
cpu3.C10-SKL.usage: 458669
time: 1480655998.177377237
cpu0.POLL.time: 2197889
cpu0.POLL.usage: 1221
cpu0.C1-SKL.time: 8551582
cpu0.C1-SKL.usage: 46610
cpu0.C1E-SKL.time: 61353308
cpu0.C1E-SKL.usage: 144797
cpu0.C3-SKL.time: 44984330
cpu0.C3-SKL.usage: 118171
cpu0.C6-SKL.time: 617596519
cpu0.C6-SKL.usage: 843320
cpu0.C7s-SKL.time: 37699018
cpu0.C7s-SKL.usage: 17026
cpu0.C8-SKL.time: 2144729422
cpu0.C8-SKL.usage: 733878
cpu0.C9-SKL.time: 19323413
cpu0.C9-SKL.usage: 5620
cpu0.C10-SKL.time: 3677249393
cpu0.C10-SKL.usage: 348817
cpu1.POLL.time: 1244615
cpu1.POLL.usage: 817
cpu1.C1-SKL.time: 7956589
cpu1.C1-SKL.usage: 31354
cpu1.C1E-SKL.time: 29692625
cpu1.C1E-SKL.usage: 78869
cpu1.C3-SKL.time: 37383263
cpu1.C3-SKL.usage: 81429
cpu1.C6-SKL.time: 527210997
cpu1.C6-SKL.usage: 661090
cpu1.C7s-SKL.time: 25894398
cpu1.C7s-SKL.usage: 9920
cpu1.C8-SKL.time: 1498961889
cpu1.C8-SKL.usage: 449723
cpu1.C9-SKL.time: 19118160
cpu1.C9-SKL.usage: 5085
cpu1.C10-SKL.time: 4556711861
cpu1.C10-SKL.usage: 429098
cpu2.POLL.time: 1665000
cpu2.POLL.usage: 521
cpu2.C1-SKL.time: 9327528
cpu2.C1-SKL.usage: 36817
cpu2.C1E-SKL.time: 24220670
cpu2.C1E-SKL.usage: 56087
cpu2.C3-SKL.time: 22548314
cpu2.C3-SKL.usage: 47034
cpu2.C6-SKL.time: 308419030
cpu2.C6-SKL.usage: 370033
cpu2.C7s-SKL.time: 26309255
cpu2.C7s-SKL.usage: 10352
cpu2.C8-SKL.time: 1260914995
cpu2.C8-SKL.usage: 326045
cpu2.C9-SKL.time: 19946489
cpu2.C9-SKL.usage: 5241
cpu2.C10-SKL.time: 5095393210
cpu2.C10-SKL.usage: 459297
cpu3.POLL.time: 1890105
cpu3.POLL.usage: 399
cpu3.C1-SKL.time: 4634538
cpu3.C1-SKL.usage: 24738
cpu3.C1E-SKL.time: 14594653
cpu3.C1E-SKL.usage: 38578
cpu3.C3-SKL.time: 11313401
cpu3.C3-SKL.usage: 35877
cpu3.C6-SKL.time: 304105399
cpu3.C6-SKL.usage: 353572
cpu3.C7s-SKL.time: 8675858
cpu3.C7s-SKL.usage: 3014
cpu3.C8-SKL.time: 1160247849
cpu3.C8-SKL.usage: 317779
cpu3.C9-SKL.time: 10278994
cpu3.C9-SKL.usage: 2219
cpu3.C10-SKL.time: 5269355600
cpu3.C10-SKL.usage: 459218
