time: 1479890993.188196606
cpu0.POLL.time: 397840
cpu0.POLL.usage: 812
cpu0.C1-HSW.time: 10102752
cpu0.C1-HSW.usage: 141662
cpu0.C1E-HSW.time: 10941932
cpu0.C1E-HSW.usage: 72172
cpu0.C3-HSW.time: 28064823
cpu0.C3-HSW.usage: 84996
cpu0.C6-HSW.time: 13498560
cpu0.C6-HSW.usage: 23666
cpu0.C7s-HSW.time: 320571983
cpu0.C7s-HSW.usage: 287016
cpu0.C8-HSW.time: 50947826
cpu0.C8-HSW.usage: 26946
cpu0.C9-HSW.time: 587149067
cpu0.C9-HSW.usage: 91733
cpu0.C10-HSW.time: 716671146
cpu0.C10-HSW.usage: 67994
cpu1.POLL.time: 427657
cpu1.POLL.usage: 793
cpu1.C1-HSW.time: 6550006
cpu1.C1-HSW.usage: 97567
cpu1.C1E-HSW.time: 9140739
cpu1.C1E-HSW.usage: 66514
cpu1.C3-HSW.time: 30136455
cpu1.C3-HSW.usage: 91563
cpu1.C6-HSW.time: 14384392
cpu1.C6-HSW.usage: 25479
cpu1.C7s-HSW.time: 361965472
cpu1.C7s-HSW.usage: 319913
cpu1.C8-HSW.time: 49431266
cpu1.C8-HSW.usage: 24772
cpu1.C9-HSW.time: 547605492
cpu1.C9-HSW.usage: 84867
cpu1.C10-HSW.time: 723199994
cpu1.C10-HSW.usage: 66648
cpu2.POLL.time: 1730123
cpu2.POLL.usage: 841
cpu2.C1-HSW.time: 6936862
cpu2.C1-HSW.usage: 157063
cpu2.C1E-HSW.time: 15532619
cpu2.C1E-HSW.usage: 81839
cpu2.C3-HSW.time: 23905005
cpu2.C3-HSW.usage: 55149
cpu2.C6-HSW.time: 11289008
cpu2.C6-HSW.usage: 15432
cpu2.C7s-HSW.time: 96890699
cpu2.C7s-HSW.usage: 83352
cpu2.C8-HSW.time: 54053422
cpu2.C8-HSW.usage: 21757
cpu2.C9-HSW.time: 573487094
cpu2.C9-HSW.usage: 84267
cpu2.C10-HSW.time: 958960100
cpu2.C10-HSW.usage: 81443
cpu3.POLL.time: 421421
cpu3.POLL.usage: 586
cpu3.C1-HSW.time: 7207052
cpu3.C1-HSW.usage: 149725
cpu3.C1E-HSW.time: 8419929
cpu3.C1E-HSW.usage: 51746
cpu3.C3-HSW.time: 14014701
cpu3.C3-HSW.usage: 43776
cpu3.C6-HSW.time: 6432796
cpu3.C6-HSW.usage: 9495
cpu3.C7s-HSW.time: 85770547
cpu3.C7s-HSW.usage: 67174
cpu3.C8-HSW.time: 31610424
cpu3.C8-HSW.usage: 14857
cpu3.C9-HSW.time: 506547514
cpu3.C9-HSW.usage: 73717
cpu3.C10-HSW.time: 1097710999
cpu3.C10-HSW.usage: 85759
time: 1479891019.170004758
cpu0.POLL.time: 397840
cpu0.POLL.usage: 812
cpu0.C1-HSW.time: 10106357
cpu0.C1-HSW.usage: 141739
cpu0.C1E-HSW.time: 10947281
cpu0.C1E-HSW.usage: 72225
cpu0.C3-HSW.time: 28098069
cpu0.C3-HSW.usage: 85107
cpu0.C6-HSW.time: 13519352
cpu0.C6-HSW.usage: 23704
cpu0.C7s-HSW.time: 320846210
cpu0.C7s-HSW.usage: 287276
cpu0.C8-HSW.time: 50973246
cpu0.C8-HSW.usage: 26959
cpu0.C9-HSW.time: 587383057
cpu0.C9-HSW.usage: 91764
cpu0.C10-HSW.time: 717023384
cpu0.C10-HSW.usage: 68015
cpu1.POLL.time: 427657
cpu1.POLL.usage: 793
cpu1.C1-HSW.time: 6550658
cpu1.C1-HSW.usage: 97579
cpu1.C1E-HSW.time: 9146457
cpu1.C1E-HSW.usage: 66570
cpu1.C3-HSW.time: 30152715
cpu1.C3-HSW.usage: 91624
cpu1.C6-HSW.time: 14396027
cpu1.C6-HSW.usage: 25499
cpu1.C7s-HSW.time: 362032396
cpu1.C7s-HSW.usage: 319983
cpu1.C8-HSW.time: 49450737
cpu1.C8-HSW.usage: 24786
cpu1.C9-HSW.time: 547971039
cpu1.C9-HSW.usage: 84913
cpu1.C10-HSW.time: 723671251
cpu1.C10-HSW.usage: 66691
cpu2.POLL.time: 1730123
cpu2.POLL.usage: 841
cpu2.C1-HSW.time: 6939033
cpu2.C1-HSW.usage: 157102
cpu2.C1E-HSW.time: 15535693
cpu2.C1E-HSW.usage: 81869
cpu2.C3-HSW.time: 23927058
cpu2.C3-HSW.usage: 55211
cpu2.C6-HSW.time: 11298822
cpu2.C6-HSW.usage: 15449
cpu2.C7s-HSW.time: 96913127
cpu2.C7s-HSW.usage: 83378
cpu2.C8-HSW.time: 54080257
cpu2.C8-HSW.usage: 21766
cpu2.C9-HSW.time: 573719880
cpu2.C9-HSW.usage: 84325
cpu2.C10-HSW.time: 959563049
cpu2.C10-HSW.usage: 81472
cpu3.POLL.time: 421421
cpu3.POLL.usage: 586
cpu3.C1-HSW.time: 7208454
cpu3.C1-HSW.usage: 149735
cpu3.C1E-HSW.time: 8422573
cpu3.C1E-HSW.usage: 51772
cpu3.C3-HSW.time: 14037032
cpu3.C3-HSW.usage: 43828
cpu3.C6-HSW.time: 6441629
cpu3.C6-HSW.usage: 9516
cpu3.C7s-HSW.time: 85787623
cpu3.C7s-HSW.usage: 67201
cpu3.C8-HSW.time: 31625003
cpu3.C8-HSW.usage: 14864
cpu3.C9-HSW.time: 506664379
cpu3.C9-HSW.usage: 73726
cpu3.C10-HSW.time: 1098490173
cpu3.C10-HSW.usage: 85797
