time: 1480932044.857982134
cpu0.POLL.time: 351641
cpu0.POLL.usage: 486
cpu0.C1-SKL.time: 5616597
cpu0.C1-SKL.usage: 54740
cpu0.C1E-SKL.time: 39989989
cpu0.C1E-SKL.usage: 119713
cpu0.C3-SKL.time: 12603887
cpu0.C3-SKL.usage: 35043
cpu0.C6-SKL.time: 156458992
cpu0.C6-SKL.usage: 212826
cpu0.C7s-SKL.time: 8845414
cpu0.C7s-SKL.usage: 3508
cpu0.C8-SKL.time: 392448794
cpu0.C8-SKL.usage: 154118
cpu0.C9-SKL.time: 5301711
cpu0.C9-SKL.usage: 1172
cpu0.C10-SKL.time: 410624289
cpu0.C10-SKL.usage: 59016
cpu1.POLL.time: 328085
cpu1.POLL.usage: 454
cpu1.C1-SKL.time: 4601380
cpu1.C1-SKL.usage: 51044
cpu1.C1E-SKL.time: 36407794
cpu1.C1E-SKL.usage: 99597
cpu1.C3-SKL.time: 14090118
cpu1.C3-SKL.usage: 36189
cpu1.C6-SKL.time: 149425476
cpu1.C6-SKL.usage: 201779
cpu1.C7s-SKL.time: 9920806
cpu1.C7s-SKL.usage: 4065
cpu1.C8-SKL.time: 384389612
cpu1.C8-SKL.usage: 150319
cpu1.C9-SKL.time: 7060005
cpu1.C9-SKL.usage: 1619
cpu1.C10-SKL.time: 446659362
cpu1.C10-SKL.usage: 61911
cpu2.POLL.time: 1303828
cpu2.POLL.usage: 397
cpu2.C1-SKL.time: 6944801
cpu2.C1-SKL.usage: 56734
cpu2.C1E-SKL.time: 40922491
cpu2.C1E-SKL.usage: 130136
cpu2.C3-SKL.time: 15321655
cpu2.C3-SKL.usage: 35807
cpu2.C6-SKL.time: 142078078
cpu2.C6-SKL.usage: 194113
cpu2.C7s-SKL.time: 13238897
cpu2.C7s-SKL.usage: 5884
cpu2.C8-SKL.time: 426043201
cpu2.C8-SKL.usage: 172142
cpu2.C9-SKL.time: 6410545
cpu2.C9-SKL.usage: 1754
cpu2.C10-SKL.time: 394602421
cpu2.C10-SKL.usage: 59773
cpu3.POLL.time: 318933
cpu3.POLL.usage: 304
cpu3.C1-SKL.time: 5354848
cpu3.C1-SKL.usage: 46630
cpu3.C1E-SKL.time: 31901961
cpu3.C1E-SKL.usage: 98460
cpu3.C3-SKL.time: 8822264
cpu3.C3-SKL.usage: 22898
cpu3.C6-SKL.time: 103568389
cpu3.C6-SKL.usage: 131596
cpu3.C7s-SKL.time: 6747471
cpu3.C7s-SKL.usage: 2730
cpu3.C8-SKL.time: 349874262
cpu3.C8-SKL.usage: 129246
cpu3.C9-SKL.time: 4734486
cpu3.C9-SKL.usage: 994
cpu3.C10-SKL.time: 537412742
cpu3.C10-SKL.usage: 68056
time: 1480932055.390142672
cpu0.POLL.time: 351821
cpu0.POLL.usage: 492
cpu0.C1-SKL.time: 5687003
cpu0.C1-SKL.usage: 57767
cpu0.C1E-SKL.time: 40204199
cpu0.C1E-SKL.usage: 120412
cpu0.C3-SKL.time: 12691315
cpu0.C3-SKL.usage: 35331
cpu0.C6-SKL.time: 157637426
cpu0.C6-SKL.usage: 214471
cpu0.C7s-SKL.time: 8987399
cpu0.C7s-SKL.usage: 3556
cpu0.C8-SKL.time: 394949681
cpu0.C8-SKL.usage: 154920
cpu0.C9-SKL.time: 5360532
cpu0.C9-SKL.usage: 1189
cpu0.C10-SKL.time: 414795071
cpu0.C10-SKL.usage: 59570
cpu1.POLL.time: 331655
cpu1.POLL.usage: 461
cpu1.C1-SKL.time: 4670951
cpu1.C1-SKL.usage: 53913
cpu1.C1E-SKL.time: 36611700
cpu1.C1E-SKL.usage: 100192
cpu1.C3-SKL.time: 14183687
cpu1.C3-SKL.usage: 36489
cpu1.C6-SKL.time: 150701342
cpu1.C6-SKL.usage: 203662
cpu1.C7s-SKL.time: 9994649
cpu1.C7s-SKL.usage: 4084
cpu1.C8-SKL.time: 386728927
cpu1.C8-SKL.usage: 151110
cpu1.C9-SKL.time: 7074628
cpu1.C9-SKL.usage: 1624
cpu1.C10-SKL.time: 451100310
cpu1.C10-SKL.usage: 62502
cpu2.POLL.time: 1310429
cpu2.POLL.usage: 402
cpu2.C1-SKL.time: 6990893
cpu2.C1-SKL.usage: 59510
cpu2.C1E-SKL.time: 41051127
cpu2.C1E-SKL.usage: 130662
cpu2.C3-SKL.time: 15441523
cpu2.C3-SKL.usage: 36083
cpu2.C6-SKL.time: 143195756
cpu2.C6-SKL.usage: 195780
cpu2.C7s-SKL.time: 13367532
cpu2.C7s-SKL.usage: 5934
cpu2.C8-SKL.time: 429367059
cpu2.C8-SKL.usage: 173160
cpu2.C9-SKL.time: 6476072
cpu2.C9-SKL.usage: 1771
cpu2.C10-SKL.time: 398226694
cpu2.C10-SKL.usage: 60347
cpu3.POLL.time: 319363
cpu3.POLL.usage: 311
cpu3.C1-SKL.time: 5399588
cpu3.C1-SKL.usage: 49402
cpu3.C1E-SKL.time: 32033265
cpu3.C1E-SKL.usage: 98878
cpu3.C3-SKL.time: 8866543
cpu3.C3-SKL.usage: 23115
cpu3.C6-SKL.time: 104694962
cpu3.C6-SKL.usage: 133170
cpu3.C7s-SKL.time: 6772895
cpu3.C7s-SKL.usage: 2743
cpu3.C8-SKL.time: 352154502
cpu3.C8-SKL.usage: 130028
cpu3.C9-SKL.time: 4744458
cpu3.C9-SKL.usage: 996
cpu3.C10-SKL.time: 542166706
cpu3.C10-SKL.usage: 68643
